0.04660697660207666
0.0813417938326723
0.011909873987937789
0.010660539739619416
0.00041876402586391704
0.014619986269470068
0.016846723385085582
0.012471999064946594
0.016864889827991975
0.08142174908476336
0.005641998367023501
0.1269370626023462
0.2506150980698223
0.006656394300381128
0.031430658611872976
0.010329737916142548
0.002420554733883298
0.15783611373936
0.03988584407335079
0.7648993082673325
0.010709619577618219
0.007958608842474
0.005104632960250494
0.01813854294426546
0.04926779482521649
0.10323497088832177
0.02189254187324477
0.020157426836891194
0.007643805683907122
0.019879432923934588
0.011052958691645848
0.00573905222487146
0.30579143120975727
0.014157724714662059
0.015104250959491673
0.0027332289827046875
0.015337873310880263
0.00868933132353212
0.006369477141941891
0.03446574766544691
0.02771728170715164
0.0692967994409691
0.033206172083171746
0.13025746544004585
0.04040989311382103
0.01616488463387428
0.02772197462260389
0.5
0.006112517383282353
0.008652336849424904
0.015880401944763457
0.007688126724591463
0.014385920656044927
0.024408003369357393
0.024151742906362593
0.03626626987519156
0.0015898077232526164
0.013647823790647723
0.007933706255876376
0.025748565429451024
0.9999972129776515
0.06684467252136789
0.00512371723989793
0.09504791124667955
0.077332357585111
0.01506370162643017
0.13307767582252772
0.2516333009760764
0.09751836166950699
0.0018772017520591465
0.00223605762184542
0.006953692585574925
0.010620865826886995
0.011961856571273303
0.04010470986455779
0.008190684105505254
0.0023903118625131794
0.00789302672280242
0.016008054958924975
0.01360125050470249
0.01677575645282654
0.017249957637183386
0.05767805241333119
0.029516392805524087
0.029100414929770283
0.007392941282001452
0.07117287205382221
0.013625320370793345
0.03256707412898133
0.1027909905509636
0.14495605407009174
0.10634517890266373
0.13553265943244255
0.12184168305726148
0.013859826450917809
0.026203958910971086
0.038360158252058546
0.045875022390653816
0.009145520392144058
0.032126938755109906
0.31694659980819806
0.05943140513657522
0.18964824183274379
0.20531516670492492
0.8417690583593914
0.020384688419265357
0.9052608564029783
0.04462815152113058
0.0201047730579991
0.005960940278612411
0.01463570428546857
0.056950199637059315
0.029483664621245718
0.013463504599032302
0.0058352614807174056
0.014612609988692586
0.14709674562031705
0.06091680814874865
0.07382871376289438
0.0018983615827765242
0.5582058067853385
0.03808008358366071
0.010520897746007294
0.0068565956131233724
0.009072688267747913
0.008851089343391726
0.06089088941760323
0.011543297292156984
0.029461584159153696
0.009017811430850942
0.02949815601808535
0.03816079179927401
0.34362962177994766
0.018921409640827086
0.01503635903922574
0.0032597904909569364
0.010759780962774013
0.004703962908697413
0.014938933310798003
0.02469485637537099
0.009619221561192926
0.010580571858233705
0.01029734954094535
0.007770522321150317
0.12651341630260923
0.005705637722101759
0.13799073668631176
0.0020943950672547857
0.38456145956076626
0.02936262374149086
0.011842464287158272
0.015120086850590726
0.015265277184728986
0.007657015831872091
0.035844356462276614
0.021807680423710955
0.02672593001192747
0.026082027751091117
0.00829512541983394
0.009633993517275681
0.018365032796071084
0.006878390122326198
0.015761439370092774
0.009184494883654389
0.007612389323673843
0.011138963777976229
0.0063727041132876985
0.006901868287180855
0.02243366231579089
0.256817693735886
0.05979340317740675
0.003018553726066131
0.06388376510189683
0.006443906187637586
0.01060523723139251
0.006184602640089798
0.015113160425520328
0.9999999551534162
0.0768655896718855
0.004529469536014803
0.9561038678310393
0.01838977124489957
0.054539082848864315
0.025666679895713414
0.012459735979285172
0.03600501775551604
0.001273571959226751
0.012585241494019642
0.007908663904950063
0.0026478219786311924
0.0009256768198644757
0.02124349440263914
0.011262882564017541
0.005521060532893776
0.0719750177492029
0.009796905347450997
0.025295980796557767
0.9999999999950275
0.0068118722535764975
0.01769653676428966
0.017166189411307417
0.04314987101341144
0.011369316176236212
0.10956672949013713
0.12482125794456882
0.01602897349808764
0.12197510087243499
0.004747589614984785
0.025473592174551637
0.10000848890070993
0.009289057557599859
0.013012892636733943
0.00998929243900483
0.015761383312001484
0.013347952119471632
0.02637491882558997
0.052595007941348165
0.2809574230302806
0.04625838277655991
0.0044762539052485
0.021977655030097708
0.012830499265045437
0.024858986125776885
0.9881153702810134
0.20955834997185857
0.043181744390577564
0.02846948148261958
0.6378819441304466
0.010468840130814894
0.017787848025201572
0.016626980959969347
0.005151189655641418
0.005321401078343136
0.010822951581640679
0.0009272195414467856
0.011503670870355883
0.005860778643485756
0.0016953077982086958
0.07505933959982854
0.008166117041009476
0.0445619549025522
0.010133021663203231
0.010451729779719468
0.00505301822227258
0.008459458446040121
0.0039601391588070765
0.006952726832877501
0.033129700621652325
0.013572339269503696
0.008274838738254133
0.023597132605192923
0.0015746653655813604
0.005003842438552456
0.010810105297882643
0.0035371941721601676
0.001957807054206472
0.025119620849021602
0.07267508422227968
0.018527841076080683
0.028805491234456165
0.011863570425933919
0.027823840839424952
0.003940931181939693
0.0070612996394778344
0.028135106095980834
0.08596487389332187
0.010582025538230098
0.013031959487109269
0.017860584646219868
0.013766938510537629
0.05253887102155583
0.023649195279735576
0.0738935570846663
0.07188088361282179
0.015960449178691733
0.01285181220035107
0.004962573709120268
0.0257330342364861
0.09248761131460283
0.05331010589507281
0.0020940988790775555
0.0007460186717291332
0.03222615573333502
0.02873333974236373
0.025217139297343007
0.018584793589097454
0.011469659317958732
0.008226642047496919
0.011906041082033735
0.0053175667956467795
0.07048819811686237
0.013912435497943052
0.005621310705096781
0.3733300762375203
0.10458620113150638
0.01548144212813309
0.011495774812448484
0.011896826968038385
0.014756961545362386
0.01745987922305847
0.02286330274652241
0.011175025328653545
0.01667674018406692
0.024685358781501725
0.014147975725619759
0.02484858846631255
0.030041957351483288
0.003349148415874314
0.00947928550147197
0.022349247010854067
0.0067638016284597025
0.010002525015543622
0.001941625025183689
0.013694905982788615
0.0213913372094206
0.011558919153569236
0.0034117447054342344
0.016034515387540117
0.023547345189087864
0.015365375336646742
0.002975280045394412
0.012851772561140756
0.01741015170846601
0.03528930108067055
0.007278352989548248
0.007365044556276389
0.01629508998926211
0.024027776332035934
0.008423962740359378
0.00819510425261391
0.010747068417427464
0.007096132298841696
0.012694852520627483
0.09842616507945826
0.011161318437989445
0.013336480696118922
0.0031662436527100826
0.02977955030304764
0.013116331272689933
0.003393669676186076
0.05889686072623442
0.01605805688465369
0.043965237909191095
0.014378707342382682
0.010425343043232107
0.006742541596337
0.0038485511197035426
0.014048806634146413
0.011246611749399832
0.007156262029416857
0.05784399984227463
0.002140713089756941
0.01979184852764321
0.02110313939734163
0.001755812370860935
0.06181926171598651
0.0042533217522708975
0.010750706213898682
0.01570683510146068
0.036624022100207286
0.059785163191022
0.045088755516389405
0.01479552521844298
0.01594834232982866
0.007891872078770292
0.01645015963979036
0.10124909304159695
0.010599862071497117
0.021612392490470474
0.0037464628783616728
0.078035475736523
0.009246035278974512
0.024270427792716803
0.008636883181876238
0.02095600745543361
0.0067644704822394704
0.011012887628639029
0.014462771148163711
0.016505217086947348
0.01546330668693353
0.005900135779233072
0.0199180327564488
0.0032108776035206696
0.010988718197111657
0.005607079975986701
0.022727327500087168
0.0035213590477688418
0.008520047839937608
0.00417439274810365
0.013921927973599476
0.06200334176278577
0.020519295384847494
0.0007790460341898453
0.08189127609600032
0.001274929829907629
0.2878979371839278
0.003171354087330031
0.048542364963039576
0.013807558211081988
0.005286625928510347
0.06542678538558883
0.008610300472647036
0.02671604345034162
0.17781301208688116
0.06849811029023369
0.016085639011551054
0.007260017833131817
0.026885530995503507
0.007659789637132932
0.17754041218462352
0.03195301652144917
0.01860509544130432
0.030241918975091403
0.005819298200822683
0.013725310277742472
0.02565408602829582
0.012776730592368807
0.05282597028018685
0.04262117223147694
0.03913541650734222
0.057592926009701936
0.004919139499378529
0.024855223745247176
0.09923796246551135
0.005743051769279546
0.024353460021269358
0.02706453945427208
0.028563573760372905
0.021675148321542357
0.003354677148043503
0.33487744182068174
0.06709223859019961
0.00691392704935752
0.1790286745830625
0.012445858062091076
0.015461181057297359
0.029704995323131887
0.03395564498529263
0.06552737729200674
0.045834931889285425
0.05935708291232184
0.008671232391399636
0.04782308927187201
0.00904741635609193
0.018059593507704592
0.41824100152391896
0.019017451054819022
0.014300898162879971
0.30312860002491104
0.12114534637859017
0.05855655964577605
0.03413227942819209
0.003227413854368077
0.016272719537884957
0.024405381078955655
0.02114994355239606
0.017967321509639502
0.03052168241600773
0.0099210606316494
0.06168831353803259
0.05741511203832444
0.0303610621401694
0.11932560062070507
0.006042986881277794
0.005115550438334254
0.011484550692744714
0.0037700167223542846
0.06200283227263049
0.005082604626614549
0.14024366837050928
0.01736349089589657
0.025628832438243532
0.004200066615726164
0.11625010993209825
0.0184627575063422
0.022893679049264468
0.029349644660460736
0.023872667052384035
0.008345340327803579
0.012574343966028918
0.09091066322414056
0.06283502182282749
0.0071394066412694
0.024710775983142915
0.3177500457503766
0.025626621722996432
0.019661016298974963
0.018665529980277585
0.020334575718914928
0.03393635902918211
0.03973030713068282
0.00499251533434527
0.002734693601604937
0.011297606695871446
0.006299883889614109
0.12133710194006289
0.01673889791363997
0.10782872929588305
0.0017131800644804005
0.02320596771232015
0.0071047541068083005
0.09593474589885201
0.052756605615261735
0.16841440098937377
0.030418474160940408
0.005260120862114872
0.010457183441034166
0.04133793619186909
0.013011563190777196
0.01197618184329651
0.020339997767683197
0.030293611607666495
0.009564743555836934
0.0029643274095968197
0.0053468114788081484
0.005276043845788172
0.020748892684138157
0.007735710532135586
0.01709283529817324
0.005788345800378021
0.004970224670024276
0.005761667628564248
0.028684646567136766
0.00462484356731397
0.018561889034530737
0.010830424443499824
0.0066920564449831875
0.005037285196766174
0.02138880528858812
0.0074978206696623235
0.006077776626340219
0.026087509508713407
0.0055876843159285835
0.05410249582576139
0.1363344033038738
0.03063328433047828
0.042852838300254395
0.044362182807307464
0.08380978801010804
0.012162150420108061
0.08656624157126185
0.03785624405651269
0.07017217574207477
0.12405410466063643
0.37862669963157386
0.030247215168917728
0.2668296199218062
0.012800117871823223
0.009744213608674838
0.009836374163049347
0.0020587533776542048
0.007593528651824864
0.013127792130664706
0.008397687417834206
0.002375222082021562
0.0030293781557678536
0.004425530798670484
0.006009172104042995
0.009863071333042168
0.004189018260474653
0.02542897178932441
0.014752191333253338
0.013409364276015667
0.00893742542005774
0.009270094407856928
0.028169817889554992
0.035475156333089876
0.01633877225152903
0.031858135143862785
0.004436503566856306
0.007932277898122484
0.1388588455194054
0.005414311488710845
0.04730495951297934
0.02779945266811805
0.015108292858570583
0.09928036676420798
0.43418952472776035
0.04977133620549117
0.004471317332875108
0.17844729963836653
0.12768871705159526
0.07274063466992403
0.06066789289554685
0.007988047225545539
0.01949919378348826
0.005984134762151878
0.004471992471747414
0.0068640137678615655
0.02213631264448968
0.008857675291817732
0.0036835231249112074
0.015251364272789145
0.18273035143341673
0.024059517989832097
0.017205872809650295
0.019915799566974736
0.009014469845967729
0.4124343486185836
0.0023177449070492474
0.019619474197324013
0.041382125960958
0.007253959685961282
0.015489322251367739
0.0032381733213431353
0.005986198269440667
0.012138303837907186
0.05149315062232466
0.007245135359607262
0.00629165375659901
0.019097109166653664
0.011133204044003605
0.01695451632079858
0.012946384581705024
0.005511534477952249
0.011055817184207983
0.061871720822196274
0.02631278705601957
0.013405899277771699
0.012937402983483963
0.014482620209072428
0.011279741565978248
0.014118408287641994
0.00865885771976382
0.018794101610916703
0.022801132878678937
0.005691288959204122
0.03077742815098645
0.0015694139325664119
0.013234921408855384
0.028308228078605856
0.0365790884112933
0.0096606343245859
0.14889458668366648
0.037145587465276915
0.041449238799951424
0.004878475288008061
0.021240800867102002
0.011003141286735066
0.013056393743304653
0.004813119095443854
0.6582550090737601
0.004778846615886249
0.01574787924736787
0.0037996536444949193
0.00737173513252379
0.02025948309643801
0.034619187835633884
0.05748817837476911
0.016526975681703176
0.03309194545013584
0.024424465817885866
0.00271126373880825
0.004207498626955035
0.07514902803508847
0.02376294520453812
0.01028668211223019
0.009458717344452448
0.011253535325261176
0.0755375228585926
0.008620839809744242
0.022795915176314605
0.04243424353774526
0.04989941868137472
0.018157043515984597
0.008563353355280598
0.01379200582232455
0.02325509704662148
0.2912636938579434
0.007315575720105459
0.013937346180793902
0.014282318039059329
0.007675094463300908
0.009803623507065658
0.015171197945498713
0.024534015505069617
0.006634337862814018
0.0008226489838368279
0.04235025550704229
0.010146125380256908
0.04472595061030733
0.01165565642006585
0.7114513074346522
0.0038007135811602287
0.06255941266207543
0.03330992185111343
0.01637695559603609
0.05944723356367002
0.005184310133689476
0.014638038242058532
0.14712597827592946
0.013102348635162001
0.04277218487015588
0.060498323964801703
0.02917389501174742
0.00318794857209788
0.11554183675862036
0.037946609723302646
0.13678186945939239
0.08164214086358187
0.023826029991754046
0.0065055224477330795
0.02409009518851083
0.13471810709341095
0.005285603683727125
0.22154283579201162
0.03757356177941802
0.008678468558491288
0.007913330225669804
0.07346064346020902
0.011828773441485078
0.05301088709795215
0.006698681592704355
0.4119342453237283
0.005517295255759409
0.03563069186767076
0.021966620075208457
0.006177937048133679
0.023253862415833725
0.005031119354508719
0.028411241849504644
0.255443120561271
0.02331334047446059
0.067690821578937
0.014655750412858225
0.21824859940608354
0.02082753764496854
0.010574510055168745
0.04305850220682383
0.10227408797140865
0.04738340389123896
0.12178991281685655
0.005513457229104822
0.0036714021390004815
0.007050605785823031
0.01578219067031841
0.09774078554513485
0.020429785566172098
0.04918509054561326
0.010491075499114315
0.00791364191070637
0.004014175471844608
0.007024633425491721
0.008725302054204737
0.028370043966953293
0.00644417582458297
0.09649705668719352
0.15332072960111276
0.013825841127779355
0.020236942340352344
0.06631988399212256
0.07066604566569545
0.007845144348720117
0.007620832038910279
0.1137291163602015
0.0007511608791085766
0.0011587248256189806
0.005883231768811535
0.017270557283251997
0.0037965117590100113
0.011042684038239273
0.015619749717899511
0.015829104899721908
0.020786822832949324
0.0505923114401378
0.13978489283175877
0.010520062651318805
0.09121591250030245
0.011642828095476216
0.21538155262409261
0.005666805391989487
0.007891067527404106
0.0076967257443305145
0.018770397150983813
0.004273158356212352
0.015361460132649997
0.01675562487637739
0.006999107364845334
0.009822317723659373
0.014533640203824392
0.010110207538125067
0.0036088016703017924
0.004738845432362451
0.011168389976261617
0.0204008997216789
0.0074139162063824385
0.05847863840911465
0.005644678473363004
0.05274172093231808
0.01556029443538987
0.015332017290455397
0.007947312529428454
0.05097809592453694
0.06258833653828323
0.006237088623159212
0.020897915065178255
0.06231609816054009
0.0069749921116530654
0.03770525165356667
0.026749488545711332
0.0020733390498594664
0.003696570793438058
0.04000082890897805
0.20921774219228648
0.020672646629589713
0.01118729877192327
0.09563368389304111
0.06305452644995174
0.03131750164753645
0.0026998698352164634
0.035817264527845546
0.005140259278453393
0.005425092906079418
0.01842628256882649
0.006174251551417425
0.03778129177123899
0.01166291298830671
0.020157631730074215
0.012299705237534478
0.009060603310993034
0.007231586060640483
0.011873103312491034
0.010157534931130233
0.016750954428730355
0.007964918366451313
0.0558224536941145
0.022589447493753845
0.011463230702575542
0.021671950082246913
0.0031096288621720288
0.0039772628526392895
0.03400667679740107
0.007655770844999241
0.01745738371106352
0.0642571177363967
0.051930078101988866
0.007511758524984676
0.0165376115477264
0.027478448635080897
0.03542539768779436
0.015710884370069185
0.010653578244861468
0.029000756507109815
0.048027460181592055
0.04314353595938686
0.008463710563773217
0.015972462235371288
0.08236541011399076
0.026254216060324985
0.016365286099124146
0.013066897675946846
0.0006068456795082593
0.041213633963579646
0.016534184764459437
0.0795177026319346
0.01185151474471345
0.0065324456442089635
0.007096301189551146
0.022900679526234275
0.029840638783197333
0.0176942803850411
0.009536157709813756
0.10318208897533059
0.015076450969600202
0.007577728686913303
0.07182924700724834
0.007459329564389322
0.04376461454322917
0.033481567385782646
0.008427734522512727
0.006793906178410946
0.017439894634916017
0.027568502777430174
0.01757480753841397
0.037453752553004954
0.017048689617603488
0.01467968034732264
0.006451796038495905
0.053929385859787383
0.022132965539444584
0.011504172151687515
0.0233884415673786
0.011158096076105722
0.017817151355633016
0.004198394880786353
0.02800474754335549
0.016077935372581568
0.013113724214679526
0.002391179956470347
0.0033472067982287506
0.01848947892638148
0.01796112460783342
0.004806440719220902
0.03704623894388473
0.007487637082309565
0.0411660759111675
0.03392358790045668
0.006171619986706491
0.03277797042208837
0.018568147579088666
0.05509472680848397
0.014229883058120287
0.026107186549136543
0.016892330260518996
0.004063385155048207
0.04845406846934931
0.00437127620114319
0.0074838835976186
0.009042637646425159
0.002044076695046647
0.0174172652097868
0.14247799937440137
0.16781251388317894
0.011182895961505136
0.07834339505155152
0.029452286409928852
0.073357529633497
0.009725726446060293
0.060855733745457816
0.013573588625475457
0.00801933092703338
0.010964029779820174
0.0046423840324275965
0.027581200274594996
0.005578092429678764
0.28441698519903563
0.029091989387008084
0.0031604938191632788
0.0058045285126527065
0.0025791994345039687
0.029117537889870617
0.19099854519038365
0.016679614619734426
0.15161536575516793
0.010881589628865295
0.00836749977143242
0.09413095287706628
0.1523931909529349
0.004503793748512851
0.004447707834634491
0.012594918670904212
0.011021483395399014
0.008150084928725673
0.015219221513548705
0.006707796809054475
0.011407954601917649
0.014242055575450961
0.005037127596656099
0.01763043844032936
0.01903794181019885
0.017726772939718763
0.03658143394911173
0.02903653057494241
0.04232077285234178
0.009956844234307939
0.03555764034563937
0.03844034951448679
0.6733062712030513
0.01630208710570052
0.2812815088852351
0.0138326227594709
0.010735491607021043
0.01728427648913271
0.010008139539421736
0.40220915275413655
0.01424094938819453
0.010251082330197945
0.0068132798108173145
0.6056172305933786
0.04569476536474843
0.01556506299129782
0.006168396401279523
0.04203689632757461
0.003322977684835759
0.013185761817249925
0.0050595967848592795
0.005508221416684289
0.004324609654724142
0.019291487673375744
0.007133904084679274
0.016539983792331812
0.0074646592318049635
0.041669204265225544
0.006267642419743502
0.03648478929156892
0.0298204874081098
0.03342655021077637
0.015419907498649937
0.005418968079373965
0.11042463400991896
0.11097633608213625
0.0014329889877720142
0.1275764453352977
0.01088573457913352
0.02152199104931705
0.0429043983934867
0.01750544310801693
0.03320541772997657
0.023128626131195998
0.026943336563122092
0.03940440137274789
0.01686941261969003
0.008703876388122382
0.013967376683365418
0.02118762128374996
0.18693782111586307
0.009793500370838903
0.007722561002959057
0.0791556205844449
0.4674893163188682
0.04782177311518757
0.022339130954886984
0.009816582227321001
0.00588198324205214
0.010369107749604062
0.002110901721079086
0.009209374537425484
0.023738674902181928
0.007561583312725974
0.04150174169319805
0.02443609190966368
0.004417537906365675
0.010310769001090962
0.13057940653718336
0.02971046410235215
0.015414277189092428
0.02669197704213479
0.03416756201158088
0.01201987422404335
0.006052510966320861
0.0016250240005207205
0.0029483214264921253
0.04587774466530953
0.017815214557729227
0.01542231141720022
0.016387257994954944
0.020468060675338094
0.10920945463357451
0.004319970646293709
0.0033959802457084495
0.01720481456154553
0.0021764819284994905
0.021483531104467372
0.021616827907314517
0.010252418612419299
0.006448074423666432
0.015708535903608715
0.006859941235264068
0.06107467508436944
0.01817617498132516
0.018616685226008175
0.012096920200334227
0.03494353669576713
0.006011679110495649
0.13473034741054454
0.05038376838210447
0.024322682495918478
0.012448445236962894
0.02931229395277797
0.010178429706542777
0.03233645845411158
0.018146433118370893
0.008774605699303217
0.003726192094963159
0.0059095138508876745
0.039941803640275476
0.022644259642067673
0.004191064628635191
0.011420464421749175
0.024356066560713922
0.057095119450438554
0.02661141182893795
0.048732057694330456
0.04474308027287609
0.006347653331822799
0.003173021714913397
0.01291102754716442
0.012800320456635044
0.00226082312775197
0.011051957217605395
0.023387518320849336
0.004027726771325858
0.0073285308089195604
0.008663554157730851
0.017325417882926703
0.0787701571794995
0.02551363052247343
0.02367901275023716
0.09666374594996667
0.009818774844823953
0.04259098635282346
0.014683607083715926
0.04690547777505193
0.01654113296097879
0.06197829050303582
0.01019013341820519
0.01092487414912265
0.005578418245177734
0.039342880030168774
0.020161627359859182
0.014951298390579664
0.01100706166166493
0.22359974834509552
0.03130871523645458
0.010192775965769669
0.01771813314773961
0.017033052678573614
0.023437683766974547
0.0037369498815059935
0.026990775526828666
0.009204148002877097
0.009759944723492104
0.007000610519961635
0.004448992259121973
0.04613406414336484
0.020289118343850183
0.0023562522602378674
0.022524597986640124
0.015434048652509573
0.08322735383649044
0.010066198411241453
0.0056359261272546
0.022472389205006188
0.0249687231861689
0.01633367112421877
0.004111148104957885
0.06497530153679025
0.03337425117706282
0.00802263109643575
0.01739381873458439
0.07103768971239895
0.015733901680718886
0.00396581757505877
0.006118408396542189
0.015511722782282822
0.004466707441245626
0.001745934511641294
0.008978924524507695
0.009342547568760379
0.013175398726352122
0.0034901340284285887
0.00762699199710104
0.016657313511966376
0.0031569433270595775
0.009914211927611419
0.009519219636621801
0.012479716305284915
0.00203891856948647
0.007155458654827882
0.06149731512716976
0.05981193917303605
0.017605910196479068
0.023225479234588075
0.005720077790102237
0.021019522964478173
0.006281592798987558
0.011374243330063693
0.00399254442135252
0.08401674756845072
0.003480978650661772
0.02042943799067907
0.0028927529775063217
0.0072308398539664065
0.010918266169596413
0.00824395732787187
0.004350266192655313
0.004149896121749813
0.002781969142790771
0.0014022266976105463
0.0020112266762007313
0.01699012261674503
0.0053070594406021765
0.006461549975961646
0.004098679489117164
0.11351782356132821
0.006505346771298158
0.0044795618222355504
0.017102419906849475
0.045327047424271474
0.06995970698694898
0.01766109794875497
0.01676341086836853
0.17147511468985163
0.0020893222519896004
0.01006093930578552
0.009162899741666666
0.03950824116892466
0.02458386779535765
0.010069371801960903
0.003910170586495646
0.0050276226617496575
0.010848280419069975
0.011891544078587614
0.013259248924664568
0.003111516536051533
0.0056309317730556
0.006500407939868817
0.003607834249386877
0.11458096191989271
0.0052811961797553705
0.007330617961227941
0.008354949009130992
0.0032249093091078714
0.00457653766313783
0.05346203488096749
0.0059528588164865495
0.004646851674169854
0.0873558561295411
0.006582252847168672
0.059006215606969246
0.08761049027010909
0.059644191549943576
0.012993151511478403
0.058863251151232594
0.00025817232905541934
0.006544419170534145
0.005033932520986528
0.02608607587308992
0.006011288625869883
0.06290651230395697
0.0206328466420923
0.10146917919606886
0.02897289064950501
0.002147316620100146
0.002064034617869861
0.009565582347168533
0.022963539657723155
0.0034555168280388654
0.013810460117138906
0.0012458764208227926
0.01010214851108147
0.011203791591409268
0.015497027924972364
0.019949658720028178
0.009927732489367373
0.007006162632888128
0.019708978021611357
0.26254680737078195
0.011349808755151253
0.013784188495395859
0.4127890443962159
0.005635251326723169
0.006392528907528573
0.0029298496735725953
0.010192170882637058
0.033647861832107294
0.008185599551055751
0.004948355130235196
0.005589440420250772
0.26380174768350007
0.0074486993496040614
0.010224820795156119
0.005753077822866395
0.0058655884104811444
0.006506338261868857
0.010279915980832225
0.0022756450127728537
0.00595835488993653
0.011288515831343025
0.007346793187665234
0.006083299723176033
0.007407245597720688
0.011512541927686283
0.004588951566621429
0.013262120102630474
0.018134403650228538
0.007228333062958435
0.005112386407551134
0.006155360514223883
0.01721958293578534
0.08582630925767513
0.005110016392547544
0.004235144533461382
0.018723998206017892
0.04051611127590986
0.005353550670143461
0.08255412738659718
0.01898235463831134
0.013611883119198923
0.029502707289826142
0.006391020099408381
0.011358211409701441
0.0030722798945043593
0.15522822482386078
0.004813484456556605
0.011476881334479055
0.04592853200942023
0.023252288787504585
0.038417476878884506
0.009776034375825526
0.029208172640032684
0.0119731605759477
0.010941225817944072
0.01866260588208467
0.004802646349315402
0.01674888570823
0.025202732144035782
0.007102525012872248
0.03785027209586665
0.017583417538599114
0.017632503230718133
0.016120560496854716
0.02278718852784995
0.016824576113961542
0.08333654335486464
0.018203731186777188
0.020342590743567014
0.012687872019346852
0.012336876020481566
0.2506767663673571
0.015767119924436822
0.011957181977783192
0.3482243090790019
0.12159578973694343
0.48459362741495493
0.8079973936023737
0.03903224264404371
0.07854713657217455
0.08982173550425722
0.0601892415242326
0.014680364713001931
0.021439356859651242
0.012404868110265657
0.04086255397043791
0.012660523829145849
0.008400291748020504
0.030422669401056538
0.004409096182531199
0.007925402475542256
0.017137725916775894
0.0071732555583690055
0.009880612835779755
0.016330138819751625
0.004393578631782979
0.021696611964696858
0.011275302882796859
0.006584047356018553
0.0170335029669115
0.02199992960276061
0.006658263877135446
0.025877947644812785
0.041936130842005453
0.026184376543388687
0.004856079347214844
0.08410766455212121
0.013495878609624588
0.0040577286385719315
0.000699890762375518
0.09022812495974232
0.020144977980639064
0.017743560961628414
0.015676003578482166
0.00978335775173981
0.010167157692963492
0.005065517606347121
0.0158907169110053
0.01003891288839046
0.007895819300856375
0.0019744350031010087
0.016017459297714736
0.0049818775316820265
0.011560872711251776
0.025390345436532364
0.01319027339384722
0.005526803996442275
0.022299485190766802
0.010279454191998006
0.0036496325698639857
0.005695128402556307
0.024493828159290798
0.009951770676523058
0.036702400828233124
0.005399375056974151
0.26350040053250967
0.034205664706173124
0.019705892946247944
0.010007484847477327
0.008517093163944223
0.006672787906003469
0.037160011919936474
0.12339152042857876
0.011183623779880405
0.02758227396540418
0.006512286293743532
0.0015772628780496344
0.04166960411800795
0.006863135754377879
0.12419086262832137
0.010617858612408963
0.005066720913728733
0.023543303895757883
0.006930947954536296
0.0029339487829060803
0.01185214226303718
0.003580868674161084
0.08985275055639598
0.025799649375661492
0.019087329593527363
0.008558988185792829
0.01217733100978773
0.016658150905024816
0.019136807674422565
0.0033203522633503727
0.1494805090993567
0.013765084143990497
0.004301993226089635
0.008105397974886016
0.003768811806528625
0.011984949539956545
0.008552436088363655
0.006833248393523113
0.02139399366381592
0.057961184845279845
0.23260913099706107
0.03886253386176955
0.006234790488433768
0.014937528291428727
0.011497712074306263
0.0425603796768409
0.007114474816398371
0.026135578630650025
0.018248876458395916
0.011592947815421056
0.013824706728242235
0.007910854047937342
0.008909814402332768
0.014642023788810746
0.0075338273964572905
0.0016616897152270152
0.023634173223009796
0.006126797529065223
0.006882655708388834
0.006668471823860191
0.02731646801905979
0.004995367318849081
0.012048584145039697
0.02901552562643785
0.008339372869417841
0.042191666419424005
0.017202142522239096
0.015336286610584324
0.03821498053375979
0.10353409892807966
0.004501033959145111
0.009695882019471457
0.011371073920911162
0.007256782083066739
0.004321757538718791
0.003068331382970357
0.008147533938915092
0.0015617950481629562
0.002905284181356711
0.00829998187689157
0.02055978161360252
0.009272497793984591
0.004129788423164526
0.00997972233562512
0.01595079946236449
0.0008081748630102893
0.02662039499622064
0.003320636861122304
0.005431420051283367
0.008535060237173065
0.0035512172856002194
0.3978381718667919
0.025361476986254416
0.004737629444775658
0.005129307415537697
0.006334264510638134
0.0055343758692102665
0.02384992071130151
0.009739826303301054
0.012178539420229322
0.061339946606987564
0.035912987906487816
0.022965807855353324
0.007957141343081118
0.009224474535787754
0.005795844924412234
0.0492946939965361
0.019343122322479107
0.016116188603877434
0.0006963083745873905
0.04307723440936334
0.0026037641839049158
0.0005559373003606578
0.3106446523252642
0.004865594085136683
0.0017997380601599531
0.0035110983163175076
0.0041035123118785535
0.008966482076397874
0.010076746542076107
0.01121700590268438
0.005909771011108821
0.005588872926052934
0.004926792085515015
0.044724172301151374
0.0011422590404053785
0.005348652639500989
0.9999822267925517
0.9999822267925517
0.9999822267925517
0.9999822267925517
0.9999822267925517
0.9999822267925517
0.9999822267925517
0.9999822267925517
0.9999822267925517
0.9999822267925517
0.9999822267925517
0.9999822267925517
0.9999822267925517
0.9999822267925517
0.9999822267925517
0.9999822267925517
0.9999822267925517
0.9999822267925517
0.9999822267925517
0.9999822267925517
0.9999822267925517
0.9999822267925517
0.9999822267925517
0.9999822267925517
0.9999822267925517
0.9999822267925517
0.9999822267925517
0.9999822267925517
0.9999822267925517
0.9999822267925517
0.9999822267925517
0.9999822267925517
0.9999822267925517
0.9999822267925517
0.9999822267925517
0.9999822267925517
0.9999822267925517
0.9999822267925517
0.9999822267925517
0.9999822267925517
0.9999822267925517
0.9999822267925517
0.9999822267925517
0.9999822267925517
0.9999822267925517
0.9999822267925517
0.9999822267925517
0.9999822267925517
0.9999822267925517
0.9999822267925517
0.9999822267925517
0.9999822267925517
0.9999822267925517
0.9999822267925517
0.9999822267925517
0.9999822267925517
0.9999822267925517
0.9999822267925517
0.9999822267925517
0.9999822267925517
0.9999822267925517
0.9999822267925517
0.9999822267925517
0.9999822267925517
0.9999822267925517
0.9999822267925517
0.9999822267925517
0.9999822267925517
0.9999822267925517
0.9999822267925517
0.9999822267925517
0.9999822267925517
0.9999822267925517
0.9999822267925517
0.9999822267925517
0.9999822267925517
0.9999822267925517
0.9999822267925517
0.9999822267925517
0.9999822267925517
0.9999822267925517
0.9999822267925517
0.9999822267925517
0.9999822267925517
0.9999822267925517
0.9999822267925517
0.9999822267925517
0.9999822267925517
0.9999822267925517
0.9999822267925517
0.9999822267925517
0.9999822267925517
0.9999822267925517
0.9999822267925517
0.9999822267925517
0.9999822267925517
0.9999822267925517
0.9999822267925517
0.9999822267925517
0.9999822267925517
0.9999822267925517
0.9999822267925517
0.9999822267925517
0.9999822267925517
0.9999822267925517
0.9999822267925517
0.9999822267925517
0.9999822267925517
0.9999822267925517
0.9999822267925517
0.9999822267925517
0.9999822267925517
0.9999822267925517
0.9999822267925517
0.9999822267925517
0.9999822267925517
0.9999822267925517
0.9999822267925517
0.9999822267925517
0.9999822267925517
0.9999822267925517
0.9999822267925517
0.9999822267925517
0.9999822267925517
0.9999822267925517
0.9999822267925517
0.9999822267925517
0.9999822267925517
0.9999822267925517
0.9999822267925517
0.9999822267925517
0.9999822267925517
0.9999822267925517
0.9999822267925517
0.9999822267925517
0.9999822267925517
0.9999822267925517
0.9999822267925517
0.9999822267925517
0.9999822267925517
0.9999822267925517
0.9999822267925517
0.9999822267925517
0.9999822267925517
0.9999822267925517
0.9999822267925517
0.9999822267925517
0.9999822267925517
0.9999822267925517
0.9999822267925517
0.9999822267925517
0.9999822267925517
0.9999822267925517
0.9999822267925517
0.9999822267925517
0.9999822267925517
0.9999822267925517
0.9999822267925517
0.9999822267925517
0.9999822267925517
0.9999822267925517
0.9999822267925517
0.9999822267925517
0.9999822267925517
0.9999822267925517
0.9999822267925517
0.9999822267925517
0.9999822267925517
0.9999822267925517
0.9999822267925517
0.9999822267925517
0.9999822267925517
0.9999822267925517
0.9999822267925517
0.9999822267925517
0.9999822267925517
0.9999822267925517
0.9999822267925517
0.9999822267925517
0.9999822267925517
0.9999822267925517
0.9999822267925517
0.9999822267925517
0.9999822267925517
0.9999822267925517
0.9999822267925517
0.9999822267925517
0.9999822267925517
0.9999822267925517
0.9999822267925517
0.9999822267925517
0.9999822267925517
0.9999822267925517
0.9999822267925517
0.9999822267925517
0.9999822267925517
0.9999822267925517
0.9999822267925517
0.9999822267925517
