0.3481919030789778
0.03489899187122711
0.003431977280492351
0.025417364910800287
0.0003451759986681182
0.07838142233734276
0.18122347647901763
0.01168101218881432
0.004861597896156263
0.0018544733489704271
0.4037861789729208
0.0018503437930914874
0.04076790419481274
0.0033281951873006185
0.3359431372125834
0.008137613485084615
0.006494780629597898
0.7217036178009294
0.19468255097165574
0.5682979206000841
0.00302171745852322
0.002139918781370351
0.16244884646950944
0.0007868697732257773
0.2235831745691788
0.984394644529937
0.6094736947789307
0.045121545324967455
0.0037137427714930573
0.016444793131205126
0.03741830496795456
0.005753256356466089
0.11816634288952187
0.003768282336221175
0.0019238160894969965
0.005490967007525585
0.0023853283660472545
0.0030327268287006362
0.009443281518400447
0.006252840583893854
0.0025552747788474043
0.0015808349953744488
0.022865877739278968
0.006309240912849923
0.0197193548179612
0.003783417154931928
0.12374333812184188
0.966692219569294
0.015692099774992037
0.08973638028117853
0.030397347866028185
0.0038275448861807785
0.010966883361843472
0.018342140422130424
0.001192484622416185
0.0062394589794623504
0.009126933325055937
0.004644563553711843
0.008672664263670077
0.004323542420947386
0.022310935246222914
0.006593484539581401
0.012324058677801954
0.005675757433018782
0.02181717527753207
0.0035401382476200937
0.014533755545388185
0.05254074320408033
0.007514883507223919
0.003043817845847352
0.13509866690768402
0.0006107692549222419
0.007750341078807875
0.0530823510868683
0.007036280808358251
0.0095430011019912
0.003184815868847608
0.36577935555313845
0.04299472714739328
0.03500919744121268
0.010727504025738896
0.02243872878307588
0.9469756711727811
0.0023295947392991375
0.0013902649860046963
0.0032209718497068257
0.07875115157737214
0.020285094905964838
0.0015182564698769264
0.004192879181764819
0.0037911929027246013
0.009875941726092189
0.08901313745228014
0.037149050729451585
0.003948296239028727
0.051554518039438585
0.000989672935413755
0.00866724662568051
0.2551663931108619
0.008899985424571908
0.06683419980275664
0.004217306228036891
0.0024994523445741636
0.334036659575267
0.0027303880856292817
0.0020917815801606344
0.6975256917035031
0.113189501469932
0.002635332474666084
0.0021098955516551856
0.0061518679681425974
0.02271990912824684
0.9999999999999699
0.4193662192488824
0.4341936339795287
0.013369791198271992
0.02327758810251179
0.1538105098249961
0.008986758462397312
0.050734482467587265
0.23481651385889277
0.2764948228465325
0.010863618602510887
0.0014290980096994352
0.005214479500798679
0.0019295897169137963
0.713023126728886
0.013180132661096388
0.999999996732171
0.028651028703921687
0.5898337585897957
0.4795650409193204
0.015683102809286965
0.002490257641116058
0.05574554385353766
0.003577173384958394
0.7755181113619614
0.9859838475563608
0.990039843076969
0.9871628891992403
0.6707775475049755
0.17882105374868335
0.02634078002021835
0.017288245195149023
0.001508035142323731
0.005339355782179713
0.006587619136081549
0.001485775295610531
0.7829075592947838
0.9999840394919853
0.058011531935881044
0.005061055367836738
0.015199482884350506
0.0159719797514268
0.0036596251276422636
0.019175159983599945
0.0008421817602796322
0.00504534418735212
0.034661365167552534
0.003374039817895833
0.025401040297882805
0.005433651193188278
0.004056427285852724
0.019132041570991753
0.009545107049175624
0.01885995485619726
0.09086369781950547
0.006051276419316781
0.0075312389563462895
0.09350021235756231
0.006826934514146419
0.0022271566381476663
0.0023137862622341315
0.03585695116550782
0.004651240395036911
0.02015107397230965
0.014814401626361016
0.022292342098294785
0.10280509525520475
0.006995393955797078
0.02251263903911808
0.006991699416332708
0.5911305024578073
0.0007300167505287709
0.007325035701378356
0.0022086895477229167
0.04162763857646591
0.01565814893207541
0.001291284852058187
0.0007512684445219072
0.004052699471450214
0.011784917939786397
0.007665727779201593
0.020244200978022372
0.007219991743896912
0.0008244460360860467
0.0012026601817466528
0.02136082033555687
0.006845852815918039
0.0019736546493515895
0.011658295681072947
0.01335613357054238
0.0077542007027710455
0.0011745380090760443
0.0009239415827460477
0.004856135603936399
0.019395833739928744
0.0006865777521012955
0.031671835968688944
0.003622480728690079
0.007793930423869029
0.0018812237165827977
0.007517707151362924
0.002329902826127653
0.004440409183218302
0.00893940875963202
0.027174291365421988
0.5360910054364818
0.01211522512224016
0.004488618639930047
0.004168537410863751
0.0018885052643796408
0.0035093866811756495
0.021960140726497473
0.9907029015250105
0.9999998187395932
0.999999999794407
0.9269568978999528
0.0024215828535296374
0.0020612977443954846
0.002600132531563344
0.0016381071592527828
0.009250798920631008
0.0003216811260869669
0.0025451381720836353
0.0011955663556916553
0.0020976731071584566
0.00224004429567729
0.003106063328444576
0.00502959282004507
0.03166351713396195
0.016926331960242107
0.0025261501532251474
0.0012290745906068253
0.006463176549505459
0.003377353209381264
0.009511272417531537
0.014697010880945337
0.0022724201060136734
0.005062830020745862
0.002032104826499721
0.003925011944476471
0.0018902756405584592
0.003070100306619438
0.007586743503034358
0.0015850916837411668
0.017005844530355096
0.0023106187802496205
0.0020214552809344247
0.06423894559965923
0.004004196191733588
0.014569466318426795
0.002235000450691418
0.00438843146682512
0.006054936368275682
0.004874006335692053
0.0038404791875114616
0.061374474040167624
0.012777287756476508
0.005966287591622002
0.012560957439324281
0.005442409257258136
0.03209414716369109
0.03202417804960114
0.003417128682224055
0.001043744140761551
0.008251257317692539
0.06908580346364442
0.35338261057898906
0.15777063084532728
0.0024120110630991673
0.28453650760452665
0.0022069189438791324
0.0009878783928239645
0.032049904292180145
0.0019084544591332368
0.01775978651631369
0.0014370654855587986
0.0009501035105966359
0.0014307442635525908
0.00015346260482536524
0.0016425589846854915
0.0050907301657971684
0.002633057349605836
0.003591764124158916
0.008302271208125236
0.004618915161480069
0.016637141236111912
0.011692068284467535
0.03776345349886219
0.008803621233470258
0.010335414097761725
0.001673577333341659
0.0017471685617318755
0.005111839177259075
0.007059875940279448
0.4589332098500334
0.02112409771377037
0.0014653844678438682
0.007995540206798995
0.000695279148225562
0.004161562821157366
0.009283048572812163
0.0026296712315413253
0.001101981844288497
0.005653479984574616
0.0033168100175157388
0.00254876128068129
0.0031847917361811284
0.002249879401949169
0.0004441056845287302
0.006522941842061227
0.018124972917496887
0.0011496472071614
0.0016315916963167158
0.006813770183828698
0.0037302466384932145
0.002619615902056282
0.002347817341364443
0.002917795968765614
0.017160083107200543
0.004982956288284169
0.014781091160588778
0.12310778582675007
0.0015347372639487873
0.010086786199669576
0.0016682073327345932
0.04656269093077903
0.0024551116441183605
0.0003743800904772816
0.13805163552444177
0.035584077342103525
0.0013794555712177987
0.003929855699452093
0.0031403995615359504
0.0037744162968987322
0.0008988044639535829
0.015309270723090112
0.002209413275720803
0.0002683854842966969
0.013255752976444948
0.007905750973208201
0.007210534308649467
0.0010531380170323529
0.001437364276994824
0.008280918572658004
0.0078868685836959
0.11263438985791781
0.01634428804819323
0.10779100889192009
0.09487905482281268
0.05480924476612322
0.003763224657748918
0.002376518005800789
0.006002350346930149
0.0007492560128138406
0.005906910985314446
0.001834837676952902
0.01272777038113879
0.00046391757294417306
0.010974129923132524
0.0028737947183217036
0.008427921470362915
0.019581269792320076
0.058057330561886805
0.012065724706740407
0.003154268963271095
0.01640004540708405
0.009150195640998587
0.0153904389279315
0.0005462500409902198
0.0013771128527059417
0.013988564313590844
0.0009283835637094142
0.014415336360767899
0.0032767453163479966
0.0015472834065469497
0.01061317188648344
0.011065287045466186
0.004193990245955023
0.02442191345470867
0.005967412712430381
0.001891049522900318
0.004232642756408635
0.016619142597906453
0.0006413582500523904
0.023205576374483977
0.004590250466104003
0.00255521436722375
0.0014838577024943523
0.003715106799638938
0.010047950790235299
0.014489487830579783
0.06898052848874313
0.0029319342475788938
0.0007503709555053729
0.022448040182912604
0.0029964863990504962
0.01830127848229234
0.07424556449360022
0.013298085570011303
0.01473495526852328
0.005153304441690585
0.010258091852225634
0.008574038108554668
0.0009616369863429626
0.003196186858569359
0.01344872458654777
0.05073715507562808
0.005366578125587507
0.028421242914083066
0.00140704093966295
0.017243563697927563
0.039993789022689706
0.018244602937613666
0.017125956591128023
0.06040736472313258
0.00259101813290058
0.0036407254261913756
0.0036299235185804335
0.2120257696615545
0.035876468775258435
0.00251806697887512
0.17854973087783713
0.015415039196573999
0.0007270438904685138
0.027761558674415234
0.0029636239800008356
0.03361416600846301
0.00690630757544908
0.014615555437507421
0.016612284000705198
0.0123502251310561
0.03265304651994466
0.005606628035599044
0.02819070583870964
0.004111038395959583
0.010531102233377623
0.0033611904331590516
0.005449983842829428
0.017644924934030363
0.021783057108204662
0.007975319804377773
0.10655544429873946
0.0013636899663370464
0.01342226918599904
0.005452197250202005
0.004326165994218121
0.0029535786761091744
0.005168483294402989
0.004583654206493094
0.02690162934081708
0.08543778759101292
0.39435277017808
0.0022589138366480655
0.084583495550804
0.026670844077684806
0.16731905857710994
0.003990668219195121
0.12796343262328833
0.09926592554313739
0.0029820883286731333
0.06324100231437707
0.9078816337519074
0.12593940504085088
0.12241000895326742
0.0028006418211393405
0.013980286228611508
0.09687608610381537
0.005122380070848232
0.002764723070058304
0.0042720526530013875
0.0004014920274848037
0.010884167627740029
0.016123701310684614
0.001816772889058433
0.010734389360414796
0.0779636091801411
0.004131115486977274
0.03462860027105985
0.0011272180182977645
0.001843750882600201
0.002490948944165667
0.005334560953699781
0.004916883445083375
0.0020456275009330385
0.044810568140397564
0.06115201540486384
0.0016341752127009203
0.4830556568986242
0.04000079777018779
0.31258320006330054
0.0056946648018965495
0.0026476337751541465
0.2566661452930194
0.001765711104979187
0.01673817632513982
0.018860276957619507
0.009400288284790876
0.04531104762643468
0.00947664413872746
0.12835579174537443
0.004263486504657546
0.003334453173614209
0.0014904037081685342
0.00864839307539474
0.017786792065244524
0.05578466937016726
0.0070188860630978935
0.0005353016446833156
0.002806613436773615
0.00912159836786633
0.006623875950724681
0.0002159109385933921
0.0006494841986422083
0.002912791173047661
0.008350382967245967
0.0006702017797494042
0.0018064901889589227
0.0012578535996928197
0.008321679436617139
0.048004586729632696
0.007012816845053643
0.08560119353797414
0.07969186945503241
0.007174881737539523
0.029399562552444983
0.10521313615164736
0.07853830788684131
0.002215074091276648
0.2763367331924946
0.8179058820110845
0.01831533172235824
0.25561896659313477
0.16889707636295545
0.00415699354267082
0.010760465287684982
0.00518365595735182
0.015247771915307561
0.0027042876420516936
0.0009713800589360497
0.006366585707550955
0.0006154637360794781
0.01490384045848232
0.007255213095227003
0.00027290254448816804
0.002919727916671884
0.003931222467362913
0.012555944427413314
0.003443105203710454
0.017126768800036662
0.0037496236244117663
0.0017044378614204647
0.06200950795300994
0.000470000602312819
0.24183458890553658
0.0015961184287714284
0.004794791617478726
0.002055698830670678
0.006816454964740718
0.0008842657312715855
0.2250238535165782
0.012349716413939994
0.00369125795443631
0.0023010314055222887
0.007806224680339087
0.44872385033426004
0.00034943404179527544
0.005209821898949555
0.00455287481288836
0.06074746203423757
0.07904967190819101
0.017569614281078384
0.03180335727342444
0.0030261736002549756
0.007058030464868526
0.004986942892678726
0.00932626300059877
0.00913535884330953
0.050727863871299426
0.0038818698641686594
0.15027921327178612
0.011683920881129803
0.05284507262175376
0.06697439154406346
0.011438839146376181
0.00929575404577348
0.0060943667488381585
0.02596987076865196
0.031746420977302695
0.17273057047426277
0.016382145637710004
0.03801042882526478
0.0003451127431425328
0.00046448502556488587
0.009438826414520343
0.0014883491759759703
0.002198826792981033
0.005079843786614347
0.01430898856731468
0.02241357204688336
0.001305800548614568
0.005412021875305488
0.004175110315454385
0.004575330731213121
0.0024395756699967103
0.06935206317352464
0.08891523878914807
0.06941154114827416
0.0020283937203742232
0.00884643141048062
0.009562949309580402
0.010177539016576892
0.0044895732446131095
0.00895966799974702
0.0018103971345452634
0.0008418808826497322
0.0062459706924282215
0.01466991337471167
0.003641474709936439
0.02153323515260786
0.008738619684237435
0.012426878795862246
0.19117355188254348
0.007690977572447929
0.007975798387951915
0.004956056940648649
0.0038335575372737828
0.025974492971994334
0.000406444865571376
0.0034202596069205365
0.3934267972039699
0.004972374238584985
0.0007642268180475957
0.0028347864062017595
0.007069646372029061
0.009193716295056194
0.001476148951201742
0.0034010723881103743
0.0009363920910972836
0.01610187362622024
0.010589478546153467
0.005097641533156814
0.22798752797748192
0.07206195452615262
0.009903056895625229
0.02045022700799431
0.05377619926753511
0.01115618592726785
0.008727438297483082
0.02545954798801477
0.012197184614123982
0.017530580586078776
0.002010902710889067
0.006186083623784414
0.011391870171144075
0.060623645728475624
0.011251643433886191
0.001383064309325159
0.0074970087551725195
0.0030336887644487245
0.008027002040668477
0.00209013484848265
0.0020609499407115216
0.0010036559421771306
0.290220646733945
0.006255268428268011
0.008502320238697743
0.0569027918596318
0.011202320860190799
0.03226269968696826
0.01549154159614196
0.8793448254578936
0.005339811976788745
0.1925391138001759
0.18767923540773856
0.0029358637052167885
0.011527428314833247
2.8293000012140955e-05
0.3565540531049312
0.01040254327037565
0.001898680557969667
0.059858296333473636
0.0021229167925345045
0.0058627471491846635
0.01127716644829446
0.003223028899283528
0.002906872141075512
0.039526317366263684
0.10696948265673811
0.013502256682551264
0.0021280871946291638
0.012348871394737948
0.012949628424004567
0.011948886511500927
0.035363212468743854
0.006209826337574725
0.0022219795128166904
0.008406785233001627
0.005247687000007691
0.42535013760118046
0.02404421228956433
0.006371650459557865
0.06077563348979378
0.0036288771187844835
0.02548159852331538
0.003663045554400123
0.0005850353449255577
0.043947283723049985
0.009342028943208803
0.006180146203469879
0.004672877698987242
0.020694344995278564
0.0042045572789062725
0.018726114411335506
0.007827437902775453
0.0075041953332084825
0.006150055443071818
0.04002111836539516
0.005465179689066522
0.022879375972938657
0.06264506062939658
0.008867942795695104
0.01842462605207535
0.004264412903637697
0.0018436464376841957
0.005445138051612845
0.00401377823338452
0.011528668313854263
0.0018349583762628083
0.00955572351435148
0.005170314819961561
0.0040141241100786285
0.10348164337987953
0.06517468504917522
0.1630613981918218
0.6362363476238542
0.8699844753337205
0.020232085230740302
0.08382670359649358
0.19573893642955897
0.16663387175127017
0.014507919952070326
0.18547006954170125
0.1826448632874773
0.009809217163582825
2.818194992193622e-05
0.025895451664391386
0.02269256298145929
0.012733502728982165
0.004280014521595261
0.0015693208213797588
0.003949754603914002
0.016158780677518934
0.0011405627264995208
0.017733574613463792
0.010307261894313363
0.008531749772052013
0.010211274653209304
0.5329980802350589
0.004283067359745732
0.004308454529908658
0.0011991624897841502
0.002586620423942759
0.004097894194381673
0.03845490913841052
0.0006078327615155895
0.0035339707330857163
0.006894657992564015
0.006267244375709426
0.01108303907702963
0.005585576242486075
0.09572984116960279
0.015589733081015786
0.009760311583521317
0.0016139877863131811
0.004943387300749577
0.0011711710602375107
0.001762190588515047
0.004121575579501063
0.003030061043889399
0.00510711809393749
0.05831867470180217
0.010023880303722657
0.051830602368045854
0.004238352156490589
0.0027061398352728745
0.0028681130136042616
0.054939561480897965
0.0013633532106043045
0.00035291989880730786
0.0029589035175750793
0.24182284230474022
0.10704354154283804
0.018520350276191713
0.012750038125435358
0.016217417830893314
0.011898089899642616
0.02665542436372732
0.000569213891085573
0.008553045058272273
0.001615947068954995
0.0051750864151483954
0.2742447805162531
0.00686169382626898
0.012635703467871852
0.00423474737113816
0.018240707374154293
0.0025735908386662664
0.00848637028230127
0.11931743492520085
0.009371567675582263
0.06504987493910294
0.0015916920787436204
0.0004040238209955937
0.02661965312217124
0.001526859367998067
0.009011534034620981
3.6486022714548974e-05
0.004412967102858488
0.010684889773765433
0.08364978997465758
0.0022305477291892565
0.0124744546967901
0.06138434511757492
0.009805145699615974
0.003691899171804612
0.002028118686587122
0.00300472795055476
0.0019185940378430228
0.0434691076046627
0.05596382300331663
0.23729194059685976
0.2495319162955537
0.02017130726516476
0.008763534500115924
0.0016372157524901657
0.002394437227221092
0.014366978054121998
0.018848256710368386
0.0037531149728218236
0.00044411574137483823
0.02950003592473958
0.004620686252413676
0.0006205013407626729
0.002319717728606
0.004126601888980287
0.0036718320946846116
0.004021602876892293
0.01384118588592417
0.0019804255237784248
0.007190980942668703
0.005566056311673434
0.002279467182585704
0.0019084674928257909
0.013564502516272024
0.005242186309390136
0.18544445422138645
0.008662803147482013
0.006371907068287241
0.010657499672822516
0.011177911063823957
0.0018711455203710597
0.004494186126817461
0.002809313628366873
0.010837749584889308
0.021609508723875136
0.006754309920137809
0.02731893654169178
0.004534852362877701
0.005604963564347392
0.001819069001971035
0.0031544290036992126
0.00808402186908661
0.15808245867317486
0.0014218255923967558
0.005207390138723462
0.010589594374225329
0.006085703917809534
0.004029384040473576
0.001968985186714773
0.027051965083265385
0.021073600861553386
0.014384178719056598
0.0007902333372106253
0.000712360157990428
0.00234118497627693
0.01738391103167788
0.006203799970818518
0.005232897376373485
0.0009563138414478266
0.004952697480862292
0.007436566416932344
0.0033124515144433773
0.04895560146359362
0.0018603547661862725
0.004539298716954502
0.009265118783963218
0.01397413284063042
0.0011285229442933168
0.002948892174780542
0.20172154984201351
0.006656975687643243
0.002609279184453757
0.06040856844522495
0.013547067622759522
0.02515772897427194
0.0037542764326964836
0.08013765227961703
0.009977762329899092
0.007729479374736585
0.002036801602102306
0.0024316408804622843
0.02075272981513233
0.005797546719727146
0.06175071460837497
0.02148471980810596
0.0014647311002146052
0.40547496587106013
0.012194929131873072
0.027144022365737954
0.22251504630101093
0.006893786651713913
0.04151616100611089
0.006246679901751825
0.004329614910716544
0.0010017142395183903
0.003612749334018406
0.003862702818077112
0.002043713159171517
0.017899511226772795
0.006730454137334073
0.000756426495642304
0.00023958969631141742
0.010029043095467496
0.00762236774169943
0.0025059188391465754
0.006191010995037866
0.0009259791030479835
0.04004629320721807
0.004677011539622246
0.0015456858127642428
0.002160780743499344
0.014844563180651534
0.0022667519644208366
0.032835600279422936
0.0076653149362508775
0.014615853034113127
0.00037549870075159064
0.1330423371060859
0.2147697450835297
0.0059171070255904425
0.03648796192216156
0.0035929138524921573
0.0048029312426186325
0.002950477009773463
0.00031101658236402935
0.1780766552318246
0.006175904390393588
0.007866410301033515
0.018082835742327726
0.03401842518452435
0.0124021675508432
0.008111221507434348
0.0024305579969332836
0.009874994126657207
0.0020698891556742887
0.0004037102516781816
0.005319517671720594
0.01156503090451211
0.0044968252925625205
0.0006965179731565837
0.07459923190143587
0.0008178348614206301
0.0202275246808143
0.0036087943737642355
0.01301326820544808
0.035911954702007705
0.3440622373978478
0.04639092286569952
0.15037877710826597
0.006287473533245834
0.02617051037975182
0.0010211895419341534
0.023957465071673345
0.016013870217016075
0.009089200048765496
0.37481748840092577
0.007160105158367572
0.0071911105543799765
0.009690914971835754
0.00625000045269843
0.03119388982745567
0.0037302503656348788
0.4598225611679525
0.002042073447288557
0.04823326329140423
0.007539777883244083
0.8310436404754709
0.06308926910830331
0.010593200363039802
0.0010478176000699004
0.0017067620461967495
0.0008783777503665137
0.006271135595027876
0.0018613268242184853
0.016514683873230435
0.0022342938607510777
0.003897131135058759
0.003195276259679743
0.0037775831048395578
0.002329205234201781
0.0032870919720678557
0.00020106488389103107
0.005448372872584757
0.0028658729097430363
0.0016196031171128837
0.037101686769205146
0.0005209544951742209
0.0038790325552905676
0.001549257502646271
0.001996087140332966
0.003331569726691614
0.008177842035776775
0.004809474698755195
0.013904543891690387
0.002132993127520517
0.0012939211526446484
0.023863462135914344
0.010344404357325284
0.0024906346920665927
0.00048392153209690257
0.11497194346719053
0.003996644550525332
0.0053007610363763205
0.006863122475379579
0.0002795183789728065
0.00639014772253839
0.15123856270870295
0.005187426581520336
0.0018084387588653968
0.011160988552028298
0.0037428490641614135
0.05247924810432758
0.004366057858311573
0.002829496544862118
0.004158221660977721
0.005673076459619431
0.032370170512815946
0.0071443920777829574
0.017531543868524995
0.0019853630059541213
0.0025510477015172266
0.0015138221900406555
0.02510988276476077
0.04031013861596765
0.002094264720982859
0.0010228463928245758
0.0012075506428466838
0.0007998937202765795
0.16746109658458364
0.0062703154422704506
0.007955082624890841
0.0020086577903208457
0.005432462041268729
0.0012864977666972907
0.016696279007534124
0.001531295129596669
0.002605019865103477
0.011732027605073077
0.007829092305648511
0.015395635300171266
0.017764074669617703
0.004019162385135656
0.002373514204688052
0.010676994809216122
0.018281151321322492
0.0162673364510724
0.0008598805110951248
0.009726443971613982
0.008062501963053557
0.002579595898647921
0.0076015405680355
0.001014880148920193
0.006565032385256916
0.061367375577506
0.0031475833695928865
0.0008478555884840534
0.0003654555773380238
0.007649482359914613
0.005836046742189453
0.002482406752846544
0.45733775812861294
0.0037907442856864337
0.690673954744304
0.19939731205228367
0.08641812922126335
0.020716663017301108
0.03310164135800259
0.002239456362147853
0.005275000784791777
0.008991440191791471
0.009209414791683693
0.009983998023109685
0.07129737974439096
0.027700026398643458
0.004045448582203158
0.0003720391788103983
0.035141090020299616
0.0007093404053920457
0.0013943722666109062
0.004728382863800246
0.044428275175953755
0.051535275288488815
0.0036512817253530313
0.0062849011285601945
0.01121281346400035
0.000740522411320361
0.007633525405408867
0.013759402143010146
0.03448827369865794
0.0022319848303510004
0.0019436788137975577
0.0012539812100741492
0.001198344271174569
0.5
0.023591702831045173
0.0008921619875245419
0.10538678042885187
0.0018988502523977027
0.0009004977383035893
0.002592181633781075
0.001997057021544926
0.007045092974900048
0.0036759420873203282
0.03429977082809626
0.004175094511873103
0.015298961574060013
0.010435247704967562
0.03470976857333104
0.017665684650993094
0.0022063078590311164
0.0027117870824467987
0.0015039788846145867
0.003291245441940936
0.0025264990484224594
0.002581483564155173
0.0006997482468838136
0.021355948043809237
0.003421833166007751
0.0038492173326918756
0.0009355486533303085
0.0023062711543390475
0.02365251277658454
0.004165991539408534
0.0024461712525108816
0.0036490293492906696
0.0026535432627178743
0.003511145701125738
0.004563018286293858
0.004897164652707444
0.0020938129147078863
0.007945335493843379
0.0036682652610200636
0.002851839551291599
0.004206390103923937
0.002693511871622296
0.002280295896366191
0.0001193708668307167
0.010032367421796976
0.004241757270222119
0.005241379267932265
0.012071109374874092
0.000460035999936862
0.004867395528081202
0.004040967248098586
0.008531213815106182
0.007625883921076895
0.0012803433261424299
0.014446022893642267
0.02880070288726159
0.0037559187120745816
0.0002272425860007072
0.0024375585707768215
0.0123253865419624
0.003778882822549285
0.00635242176076276
0.004987574204427955
0.0586380434043694
0.02638103309876218
0.001180168393491973
0.0714699626377161
0.003517111602741463
0.07315636930145164
0.0025497494897046766
0.009266366286862457
0.023493238526467616
0.0004587722110911221
0.0027840432795372414
0.35865469101919106
0.568056038010481
0.001260879472888345
0.0018529184051073442
0.04707370387422791
0.38204047196672003
0.007876839264069003
0.003666956581570264
0.05572463854258413
0.002907041059548921
0.0416249276059926
0.004214757161785413
0.0017658341187518991
0.000796389153602507
0.031225671552169678
0.00864503808458921
0.007595811557665951
0.09619195894095485
0.004032537206930708
0.004331381165228129
0.01759903684213092
0.001619648161833036
0.002960004404593524
0.00855757123690688
0.0033972502432837027
0.024858715538903352
0.001966468311131246
0.002167186334740756
0.3886441420298946
0.0022934144247004767
0.0021968256636709436
0.5436921949789492
0.04021956296755396
0.016372267915108964
0.011149344583491875
0.0015193457215480317
0.039198036293051755
0.008832533851864978
0.002256824698873859
0.004391728906272942
0.019595143796542407
0.003716559642861679
0.005262777890864503
0.00673857334075832
0.0011082228651173292
0.0009981088027195093
0.007693753480885829
0.008951488557844329
0.017979908139217012
0.0020551594077041994
0.004200758176281188
0.003437366594700173
0.00322681656399938
0.004320318131528143
0.003615991599461772
0.0014134137864298488
0.013343105393865951
0.0015993878733516157
0.001046313961148554
0.002370417268903582
0.0992175571980657
0.01722881083036774
0.005128083213735928
0.0006325721318178522
0.005465398312225777
0.011408688042833392
0.014096768295607217
0.02412051687719497
0.004550733171552254
0.011814495092677249
0.0023410818567319055
0.003120862163022538
0.0018825350884244761
0.0029806560409933462
0.0003080502518014998
0.013753743462583042
0.07039966512347719
0.008285112322809918
0.0030722041535235873
0.0018631166405156951
0.006918638480328368
0.006682642697356764
0.0010388195410085796
0.011049379532701681
0.007000952807881228
0.003809401937626567
0.0026085181551148847
0.006367683522797846
0.0015822809865405373
0.014071653996894386
0.0017729974554949917
0.0046317898015049135
0.0033020281921873735
0.002406562482761155
0.0034350089136924375
0.0017330608203046584
0.00824326056708911
0.007369459847701317
0.015768676141917813
0.02610521481247561
0.07409109646686488
0.07428931517379847
0.04193633506451953
0.1122610807926193
0.06702871666601538
0.00016578985320594622
0.1253006926785892
0.0027403826322264925
0.21785115316569115
0.0011103060612818391
0.41965396409501343
0.005304720345844687
0.0007917335814402477
0.018482736430293592
0.014080253963786465
0.04852069785630329
0.003254101311047596
0.006351754103294978
0.01631212030384351
0.012471571003435102
0.029075296758695413
0.012615932710306985
0.016416666257253566
0.01681794884738324
0.005804510861315778
0.002613871852830277
0.00415362680741979
0.004437207732806694
0.0026848451336201977
0.014916344763379724
0.04257259684949885
0.18746587762209932
0.0021627495687260643
0.0023264351702370293
0.0012771191027280884
0.020007575349567135
0.0028326441702842663
0.010534369457592174
0.02435420071982723
0.002862707546816773
0.001968121733177864
0.007313962283801724
0.0011014968242727666
0.004350243946088367
0.00760273791952385
0.014249667849987888
0.08753651743806179
0.027132503194584455
0.01748900107815385
0.015613588681849113
0.003567644943991795
0.0011605429146245
0.004020711824261007
0.007252646662134182
0.000812824587127231
0.00519759853710418
0.017541368861911436
0.006500365626075412
0.0651975643846409
0.028119144829963614
0.0009490536438488895
0.0016634462642683148
0.004092632597360041
0.00127573629925309
0.07395389682496059
0.0026869395494410206
0.04536884563631001
0.0003654373623516166
0.0014952305763895025
0.002601630543059614
0.013531082334309693
0.0042029883489844
0.006107077698594302
0.009334688986906843
0.009399308096316932
0.6679790291040886
0.023552732697164836
0.005690547849954352
0.07373327825975162
0.03938078200244872
0.0024570411286376076
0.043441624365613545
0.0024298001751932178
0.004544775984444961
0.004324338218269179
0.046301274305860604
0.0402029105284153
0.004396234498581576
0.11553600122110863
0.0259643541805487
0.0067980324673255375
0.007426975375355879
0.004022845861183721
0.005509941476863046
0.002292339349320451
0.021333912606049044
0.008843421326138067
0.049790265326323045
0.004459067440196003
0.023691079510541647
0.009711486852544835
0.005739575176760758
0.020292295124710678
0.007913528522129827
0.12975047462824083
0.004218001465317061
0.04938444294325688
0.010456650732059957
0.07034640268660977
0.07954838316510675
0.00872705562806125
0.015485354153813535
0.000912697951558771
0.00305314989248031
0.0033278134097529766
0.011839405185853295
0.0066789985627437355
0.03157550602733242
0.008559414449966015
0.0034829029404817016
0.0026822821777643486
0.004027141903040656
0.011709613300184656
0.0015648439510575658
0.011522447920758027
0.007649286054161862
0.014735190033597254
0.01709540594130048
0.01825880362309369
0.01992233908998011
0.006020167602749717
0.0031122205165781194
0.011872690743393281
0.06087281411183541
0.0047316532469350425
0.05385526194570062
0.005303947263980292
0.003123502819618898
0.006805935909453296
0.0228134256499913
0.0030288918776453385
0.0025330130784202106
0.0029517460645446794
0.0037574984900857747
0.01127980236388356
0.005891512499703847
0.015674329438334432
0.0034801489897558673
0.013441797813417939
0.0038300782735587223
0.0032463809025597354
0.007600199810657692
0.0023233468621383663
0.00044308344832197144
0.014731338392420188
0.0890399266307236
0.0018018722961811145
0.0011098694344980498
0.0033585806467309517
0.009283078143520803
0.03945418695608056
0.003681825147936281
0.0034525094053903236
0.0025165350789408594
0.01573320728886932
0.07562121799600689
0.007751537469119483
0.0022858650246277033
0.002524761808889695
0.0006438328181463617
0.0024433503956118497
0.012875476741550037
0.001509479729586719
0.002534841833094545
0.008483130170974658
0.0035779321508384774
0.018423137800811146
0.007713449368532354
0.008149875115107695
0.004677833780139964
0.0026663849599893367
0.02021123445571041
0.0012346328619299838
0.001908477436077044
0.05730148574206514
0.004148845259537176
0.010339530633802723
0.04078555371178893
0.008896139803467472
0.0016949921893598759
0.0069535395466133396
0.9999999546467242
0.9999999546467242
0.9999999546467242
0.9999999546467242
0.9999999546467242
0.9999999546467242
0.9999999546467242
0.9999999546467242
0.9999999546467242
0.9999999546467242
0.9999999546467242
0.9999999546467242
0.9999999546467242
0.9999999546467242
0.9999999546467242
0.9999999546467242
0.9999999546467242
0.9999999546467242
0.9999999546467242
0.9999999546467242
0.9999999546467242
0.9999999546467242
0.9999999546467242
0.9999999546467242
0.9999999546467242
0.9999999546467242
0.9999999546467242
0.9999999546467242
0.9999999546467242
0.9999999546467242
0.9999999546467242
0.9999999546467242
0.9999999546467242
0.9999999546467242
0.9999999546467242
0.9999999546467242
0.9999999546467242
0.9999999546467242
0.9999999546467242
0.9999999546467242
0.9999999546467242
0.9999999546467242
0.9999999546467242
0.9999999546467242
0.9999999546467242
0.9999999546467242
0.9999999546467242
0.9999999546467242
0.9999999546467242
0.9999999546467242
0.9999999546467242
0.9999999546467242
0.9999999546467242
0.9999999546467242
0.9999999546467242
0.9999999546467242
0.9999999546467242
0.9999999546467242
0.9999999546467242
0.9999999546467242
0.9999999546467242
0.9999999546467242
0.9999999546467242
0.9999999546467242
0.9999999546467242
0.9999999546467242
0.9999999546467242
0.9999999546467242
0.9999999546467242
0.9999999546467242
0.9999999546467242
0.9999999546467242
0.9999999546467242
0.9999999546467242
0.9999999546467242
0.9999999546467242
0.9999999546467242
0.9999999546467242
0.9999999546467242
0.9999999546467242
0.9999999546467242
0.9999999546467242
0.9999999546467242
0.9999999546467242
0.9999999546467242
0.9999999546467242
0.9999999546467242
0.9999999546467242
0.9999999546467242
0.9999999546467242
0.9999999546467242
0.9999999546467242
0.9999999546467242
0.9999999546467242
0.9999999546467242
0.9999999546467242
0.9999999546467242
0.9999999546467242
0.9999999546467242
0.9999999546467242
0.9999999546467242
0.9999999546467242
0.9999999546467242
0.9999999546467242
0.9999999546467242
0.9999999546467242
0.9999999546467242
0.9999999546467242
0.9999999546467242
0.9999999546467242
0.9999999546467242
0.9999999546467242
0.9999999546467242
0.9999999546467242
0.9999999546467242
0.9999999546467242
0.9999999546467242
0.9999999546467242
0.9999999546467242
0.9999999546467242
0.9999999546467242
0.9999999546467242
0.9999999546467242
0.9999999546467242
0.9999999546467242
0.9999999546467242
0.9999999546467242
0.9999999546467242
0.9999999546467242
0.9999999546467242
0.9999999546467242
0.9999999546467242
0.9999999546467242
0.9999999546467242
0.9999999546467242
0.9999999546467242
0.9999999546467242
0.9999999546467242
0.9999999546467242
0.9999999546467242
0.9999999546467242
0.9999999546467242
0.9999999546467242
0.9999999546467242
0.9999999546467242
0.9999999546467242
0.9999999546467242
0.9999999546467242
0.9999999546467242
0.9999999546467242
0.9999999546467242
0.9999999546467242
0.9999999546467242
0.9999999546467242
0.9999999546467242
0.9999999546467242
0.9999999546467242
0.9999999546467242
0.9999999546467242
0.9999999546467242
0.9999999546467242
0.9999999546467242
0.9999999546467242
0.9999999546467242
0.9999999546467242
0.9999999546467242
0.9999999546467242
0.9999999546467242
0.9999999546467242
0.9999999546467242
0.9999999546467242
0.9999999546467242
0.9999999546467242
0.9999999546467242
0.9999999546467242
0.9999999546467242
0.9999999546467242
0.9999999546467242
0.9999999546467242
0.9999999546467242
0.9999999546467242
0.9999999546467242
0.9999999546467242
0.9999999546467242
0.9999999546467242
0.9999999546467242
0.9999999546467242
0.9999999546467242
0.9999999546467242
0.9999999546467242
0.9999999546467242
0.9999999546467242
0.9999999546467242
0.9999999546467242
0.9999999546467242
0.9999999546467242
0.9999999546467242
0.9999999546467242
0.9999999546467242
