0.002137061
0.009816637
0.0027802333
0.0009684086
0.0020145723
9.8637924e-05
0.0001821888
0.016918363
0.0007907697
0.0017464901
0.004052686
0.002821416
0.0065203677
0.0013220438
0.051505294
0.00019768294
0.024229601
0.0021903734
0.005986842
0.0005997399
0.0018685209
0.06543185
0.0030474262
0.0022244768
0.00018703598
0.008412182
0.00032412948
0.00015751914
0.00031837053
0.0005805018
0.00028384847
0.00017266917
0.00074907154
0.00043418037
0.0045144255
0.0017211713
0.0026996483
0.0013737103
0.00093166035
0.00038388712
0.0022250812
0.0021572576
0.00051605306
0.00035722187
0.00047560807
0.00030455698
0.00073079544
0.0012227009
0.0011398554
0.003254514
0.0026376043
0.0033559834
0.002899596
0.0022437912
0.00042095606
0.0011821599
0.002223501
0.0005890435
0.00087692414
0.00062801054
0.00028790208
0.0012713671
0.00361048
0.00066877913
0.00033664872
0.020827686
0.0005488333
0.00022132604
0.00039577606
0.00070612726
0.0011592861
0.0026370988
0.0006715514
0.005803905
0.00017958926
0.0009193409
0.00043070628
0.0005859347
0.00059911946
0.004118092
0.0016096124
0.0002181083
0.0006233443
0.0018790765
0.0043823053
0.0034068613
0.00017928882
0.010636868
0.00012276972
0.0001936202
0.009169861
0.0005884234
0.0013978486
0.00022757045
0.000263158
0.00086818193
0.006721314
0.0011410628
0.0023558035
8.6276814e-05
0.0005052696
0.0004940797
0.0009430081
0.001285115
0.0005190678
0.0005526532
0.0013834903
0.00015048387
0.0003100395
0.0021147684
7.428895e-05
0.0048739347
0.0027043908
0.0020663186
0.0034446435
0.00030284375
0.00022194056
0.00015935072
0.0020993184
0.0065150782
0.0014246356
0.0011680245
0.00019512975
0.00013129419
0.00063716393
0.00037901333
9.00522e-05
0.0005358362
0.00059465703
0.004150873
0.0054142904
0.0006695805
0.0020811944
0.07347946
0.00049975177
0.005126418
0.0007140709
0.0013168976
0.00018257835
0.000745518
0.000899326
0.0002137956
0.0068360777
0.00022745699
0.0013060656
0.0040155877
0.000652651
0.011408891
0.00043855907
0.00018848467
0.0014275502
0.00023002131
0.0072125937
0.0002512879
0.0014036394
0.00018074574
0.0013329579
0.00011222576
0.0010269617
0.0013870291
0.0003392628
0.0016074406
0.0012887114
0.0019589625
0.0011554048
0.00069508306
0.0014725337
0.0146685615
0.00031021985
0.0006583199
0.0006771116
0.0052937963
0.0002954505
0.0036387776
0.0019259637
0.0010856407
0.00011175491
0.00071298395
0.007033152
0.00092768454
0.00014007749
0.00013123249
0.001750495
0.0011603374
0.0015077242
0.0005481213
0.014336963
0.0009912102
0.0017814712
0.0039410824
0.0007884789
0.000414941
0.0025215659
0.008733583
0.0028821237
0.00058836397
0.0034626122
0.0004410946
0.005545884
0.0014958234
0.0014860053
0.00040745077
0.00035563725
0.00016548054
0.0046598515
0.00044913197
0.00063156453
0.00166297
0.043448307
0.013289192
0.0076958947
0.00045409988
0.0053730905
0.019356484
0.0029941439
0.006959286
0.0011234104
0.0006803958
0.0032947687
0.0012460984
5.9471844e-05
0.00024368249
0.00055707135
0.0042548073
0.0010299805
0.0011435889
0.0026511778
0.00022944632
0.0007785719
0.008739665
0.0035305007
0.0004775365
0.0013225569
0.008588315
0.003258459
0.0017975962
0.0068112914
0.03459891
0.00024138717
0.00073258503
0.015395345
0.0009153913
0.00018609423
0.00014186528
0.0011919588
0.02140053
0.0034316631
0.0048169703
0.009073656
0.0021681974
0.0018111927
0.0037888433
0.031883914
0.0003018556
0.0036703672
0.000815131
0.0022288277
0.014228217
0.00072033465
0.00016323355
0.0001418297
0.0026939912
0.008272998
0.045827437
0.004031191
0.0038298646
0.00087631104
0.00027644716
0.0008242378
0.0030336934
0.0013230344
0.0013341258
0.0006673933
0.0016863854
0.0002610524
0.0014853311
0.0046019736
0.0028322076
0.004420655
0.02349824
0.0016928086
0.04234937
0.010662039
0.03573291
0.0058605024
0.0070541
0.017072134
0.027623616
0.0035119606
0.0033242996
0.039106205
0.00080009236
0.002018061
0.007038229
0.0010564417
0.0006975433
0.0015809468
0.0018237334
0.01048217
0.0003664016
0.0015942263
0.002893015
0.00054059766
0.002415049
0.00029205563
0.00030244037
0.0025703057
0.011039544
0.0051961844
0.0010591238
0.002234373
0.0014510349
0.005149515
0.0018569477
0.0040529557
0.0021183235
0.0043481644
0.0004758686
0.0016463263
0.09790355
0.0031309521
0.0012388097
0.00094314554
0.0036093174
0.003009498
0.0049178717
0.0140733635
0.00058162387
0.003246374
0.0015345197
0.011364521
0.057756986
0.025040934
0.0077571003
0.0065494026
0.041109428
0.00028046168
0.00024783824
0.0020424733
0.007880713
5.4355776e-05
0.0011244542
0.022410994
0.017897034
0.002939988
0.0007190922
0.012050073
0.0055254875
0.020315634
0.007996005
0.00021913533
0.001989525
0.0003466278
0.00061797205
0.0043072156
0.010425701
0.001875707
0.00020910866
0.00044742055
0.00010418998
0.009186365
0.010697093
0.00086824066
0.0072377026
0.0005716921
0.000760137
0.0033144478
0.0012885235
0.00047103962
0.9550288
0.07704888
0.009579656
0.0005318079
0.00036185764
8.880096e-05
0.0048930757
0.00060507027
0.0022932312
0.009478278
0.010940191
0.0056285863
0.00061140873
0.0025930295
0.0049755727
0.05815511
0.008274861
0.00395751
0.009281245
0.0021441937
0.0056927744
0.007315749
0.0051476485
0.0027572026
0.0022000829
0.0004939046
0.000745312
0.008464504
0.010293818
0.001122291
0.0006760139
0.0006675944
0.0006644242
0.00085702445
0.0026951225
0.0007790182
0.0010662082
0.00039517492
0.0001648245
0.0003939643
0.0009380749
0.00064721535
0.0014464443
0.0015213042
0.022889316
0.0016058696
0.00046993754
0.0013102369
0.0010561901
0.0011936676
0.0010933267
0.00076291745
0.006794368
0.00065736385
0.00017462658
9.3066825e-05
0.00017132975
0.00040615068
8.294031e-05
0.0024817537
0.010222222
0.0019684695
0.004549348
0.0031043508
0.00049683853
0.0030757003
0.0023780998
4.0925126e-05
0.0004972604
0.020837037
0.0077794758
0.00028642584
0.0022817282
0.00020890043
0.0005744132
0.0007537535
0.00211261
0.020242695
0.008276078
0.0018869172
0.0041631353
0.000107248365
0.00028085423
0.0032098484
0.0050982507
0.004274692
0.0005488767
0.00036959758
6.9943235e-05
0.0016172674
0.00056630734
0.0020864012
7.298632e-05
0.00011323136
0.0008470543
0.0010128702
0.0008113443
0.0022589648
0.0006590305
0.0034161976
0.00040113027
0.0014141559
0.0001630186
0.002655867
0.003327758
0.0005077411
0.0022088818
0.000119655844
0.0022065404
0.00046352632
0.039287366
0.00096747617
0.00044861934
0.0008264206
0.010850122
0.07035369
0.0007065396
0.000619278
0.005224399
0.00044017154
0.0002047264
0.05926071
0.00012615538
0.024016256
0.011019504
0.001532369
0.041433968
0.000105961524
0.00070721895
0.0019853134
0.007190952
0.000504259
0.00037787526
0.00027877683
0.00030302396
0.00091024337
0.00050866464
0.0006361318
0.0020018017
0.00024597967
0.0002038069
0.00016546603
0.0012032527
0.00019418725
0.0013392256
0.014303788
0.059746716
0.0007180684
0.014071021
0.0022458376
0.0015749241
0.0019050981
0.0011063046
0.0030101002
0.025482284
0.009691419
0.00066699274
0.005476586
0.004284209
0.004388572
0.0028718205
0.0028241256
9.702192e-05
0.00018296854
0.002239831
0.00038130683
0.012653382
0.0024408
0.00048255798
0.0005011265
0.00062419
0.00023532535
0.004759492
0.006281411
0.00045238444
0.0020117653
0.00061621965
0.002058103
0.0008136682
0.0047534695
0.009335596
0.00063942844
0.0025422643
0.00013757184
0.0021416713
0.0049977535
0.0022968615
0.02245769
0.004624107
0.0014812745
0.00064219564
0.00040316398
0.0019580603
0.0034339596
0.007910614
0.0044806316
0.008091476
0.09826062
0.00051453785
0.0020857996
0.0042691934
0.008885676
0.018181685
0.0010399414
0.0015443536
0.00052380114
0.0015328543
0.00681166
0.0012457934
0.0003873679
0.0035682772
0.00378134
0.048370443
0.0013407086
0.001191402
0.001106603
0.00019415132
0.00046067705
0.00036479675
0.00013931529
0.00078799477
0.00021289443
0.0004961362
0.00026839864
0.004510223
0.00035900742
0.0010510194
0.0024561558
0.0011048876
0.0063443063
0.00040398884
0.01346115
0.0014167244
0.0045720995
0.0025343073
0.00259902
0.0015410895
0.0070522428
0.017385436
0.002351079
0.00268363
0.0028402156
0.003163076
0.016989857
0.0007312413
0.0010188605
0.0004926022
0.0049895085
0.0002557181
0.0009435073
0.00066962896
0.00039828295
0.000378856
0.011368706
0.00036796823
0.00026770862
0.00018481647
0.0054753837
0.0014913249
0.008801756
0.0001216858
0.0023771727
0.001140142
0.0005683324
0.0014537846
0.0012068156
0.004517476
0.0014745333
0.020144034
0.0032939466
0.009372141
0.0012233387
0.00488551
0.0014975094
0.0012253158
0.005602872
0.004113651
0.0027471934
0.00023110992
0.003423579
0.0015631915
0.0005062505
0.00012227354
0.00061837974
0.00054563145
0.0014610856
0.0012241598
0.00011802742
0.0010451553
0.00011494894
0.015805384
0.00013134215
0.00035519287
0.0027918506
0.0059337774
0.00062920665
0.009635577
0.00033982136
0.0021544327
0.00036684144
0.001387016
0.0005051632
0.00028629645
0.0045230202
0.0015173069
0.003106246
0.010065953
0.005081435
0.0020208412
0.0001264589
8.973118e-05
0.00020139533
0.0007094226
0.0006790555
0.001010777
0.00023559226
0.019649286
0.0012109384
0.00012504993
0.0011876039
0.0033618242
0.00082565355
0.01562121
0.00050874706
0.000133798
0.0006581957
0.0017857297
0.0010786502
0.0006353671
0.0005769438
0.00041122528
0.00088777917
0.0031974018
0.0021265189
0.013796071
0.0007610861
0.004880068
0.00010714023
0.0015607079
0.00047791263
0.00022170537
0.021438615
0.00031704115
0.0007725345
0.007372617
0.00039920132
0.00031884745
0.00053141033
0.0005723038
0.0007375962
0.0022391565
0.007819743
0.00075309805
0.0004515482
0.0005844883
0.0003262606
0.01143411
0.0029454047
0.0012329064
0.0029342514
0.0010696296
0.00019009678
0.0011289911
0.00024271834
0.00038599185
0.0050606397
0.001194511
0.006590855
0.0019092698
0.0068140407
0.0019492315
0.0049545
0.055198293
0.00046955084
0.0011709197
0.00027269902
0.0015290712
0.0024240678
0.00017107217
0.0010358652
0.0005402669
0.0014439629
0.0032509242
0.001982618
0.00035957305
0.003395828
0.0006331897
0.001224831
0.0037472572
0.0021387322
0.0006785134
0.00042023216
0.00011683965
0.008442692
0.0021113527
0.009329662
0.00031144999
0.00091337884
0.0037372608
0.000443293
0.010213175
0.00093562336
0.0010683317
0.0005078885
0.0002822116
0.0028022844
0.0064668283
0.0029388433
0.0020359028
0.0011236651
0.00056094676
0.013808611
0.00014462954
0.0010928503
0.0005810404
0.005145788
0.0013062746
0.00027443087
0.00090575503
0.0016869674
0.006161244
0.0027910382
0.0010025176
0.0025387553
0.005408126
0.0056134127
0.0008876984
0.0025716005
0.014305044
0.013736653
0.017155342
0.0022548663
0.00087728474
0.0005180489
0.00038094423
0.007951309
0.0005050761
0.0003724539
0.006391351
0.0001816736
0.0032073306
0.00677912
0.0028795388
0.0023664844
0.0011288158
0.0030781399
0.034062028
0.0018564413
0.0032567764
0.0014374665
0.0015851083
0.010634846
0.0005290653
0.003589739
0.00083818746
0.00072168274
0.00016314066
0.00030881024
0.0012127848
0.002851924
0.00028787326
0.21797128
0.0013323468
0.00043026186
0.00038552794
0.0017350453
0.001088988
0.0067535657
0.0047689425
0.001227484
0.002074014
0.0017907071
0.0001769733
0.0019227894
0.0011821938
0.0014821338
4.758907e-05
0.00034208124
0.000113864546
0.00016235327
0.00020624048
0.000417419
0.004083892
0.0011362339
0.00097087794
0.0002470154
0.0025463619
0.0006903631
0.006357245
0.00015423949
0.0005964135
0.00015739904
0.0011277127
0.00019260049
0.00096588704
0.0011279098
0.00027555798
0.011744324
0.00032700048
0.00017937449
0.0010864193
0.001884181
0.00053233124
0.0011686634
0.0009600273
0.0014601509
0.0020731438
0.00094725034
0.00038471693
0.0012093305
0.0015617211
0.0005701986
0.0006347882
0.0042803055
0.0006588233
0.23065554
0.0011142227
0.00070062064
0.001040434
0.17805657
0.0004890984
0.0017293807
0.0004881432
0.0069100196
0.0002477636
0.0018148698
0.0016125268
0.13004938
0.14334823
0.0028973527
0.010251736
0.031830806
0.0034192835
0.0026030762
0.015747609
0.0004355176
0.000648652
0.04587916
0.002015393
0.0019270153
0.0004773171
0.0009218081
0.0051689544
0.0007740286
0.0259191
0.0044460995
0.00058008096
0.009062918
0.00017177436
0.0072803185
0.00058910885
0.00074490084
0.0003970187
0.00039942018
0.0065288707
0.0029544004
0.0255601
0.0005237357
0.008645138
0.0014073618
0.000992105
0.0049552834
0.008519886
0.0009961136
0.0016160905
0.0014789257
0.0028297296
0.0077113206
0.0015188595
0.007451909
0.001947342
0.009390616
0.0006201728
0.00423559
0.011372383
0.0012259096
0.029869007
0.015326527
0.013255544
0.0018388858
0.0036565808
0.033730973
0.0010204074
0.00087600795
0.0001054884
0.002743662
9.0315865e-05
0.00028827094
0.0016295509
0.0046863556
0.00284875
0.007736406
0.0030650424
0.0031460107
0.0006159167
0.016631167
0.00029297118
0.006383622
0.00928643
0.010093078
0.0018829734
0.00034793324
0.00035486504
0.00071050174
0.0013706563
0.028956713
0.0003644926
0.00056699297
0.08329594
0.0006915221
0.00135537
0.0007571137
0.0066150827
0.003963531
0.0017660107
0.0036543736
0.003696748
0.018084545
0.00090344856
0.021496695
0.0002866854
0.035110615
0.005331047
0.00097306154
0.00012335293
0.00042912827
0.00087368314
0.0023841632
0.0007738785
0.0014346882
0.0032820688
0.0011420316
0.0009454785
0.007982061
0.011333624
0.0011532322
0.00067654595
0.0070982864
0.000590011
0.008567459
0.00043380822
8.179116e-05
0.00034797817
0.0002759376
0.0010627619
0.0018442669
0.0029114347
0.002428405
0.00029589786
0.0017370367
0.0021813482
0.0012605981
0.00075203343
0.0031521104
0.008549911
0.016500691
0.00052587973
0.018852863
0.0021195414
0.0022643802
0.0089866435
0.0007344794
0.00013737599
0.00093773624
0.00014133815
0.00023285727
0.00029352502
0.0017111077
0.0008932205
0.0017417652
0.0012567292
0.0027650439
0.06984178
0.0012474046
0.00039933226
0.0004932814
0.000597034
0.00044548904
0.003709367
0.00048703008
0.0009251116
0.0005391617
0.0352667
0.0022456048
0.004842325
0.00049330655
0.0033393626
0.001026218
0.001076569
0.0010067491
0.001682124
0.00031637476
0.0002207206
0.001683102
0.0011062277
0.0014186146
0.0023804393
0.0004755342
0.0012575472
0.008287235
0.00088541297
0.0015869235
0.0013691793
0.000108024215
0.0022874486
0.00013310551
0.0050425804
0.02743804
0.0014453777
0.052350238
0.0014333252
0.0005828792
0.011231659
0.00033978542
0.0002492551
0.0045850566
0.0023206484
0.0011838824
0.00074433885
0.006035576
0.0005106567
0.003435458
0.0007946914
0.0008424328
0.0010559643
0.00041168832
0.0003492371
0.013129362
0.0032768082
0.0057332385
0.0030957812
0.00011461784
0.00015277824
0.030884523
0.0028695874
0.0012352766
0.00031625325
0.00021429746
4.9826216e-05
0.0010030059
0.00028953823
0.0004069025
0.00070257
0.0008133841
0.003976243
0.010127151
0.00026921183
0.0009479929
0.0005940662
0.00032587544
0.0006263327
0.0002292821
0.0070281425
0.0056341668
0.0012353366
0.00021639359
0.0008310553
0.00075832347
0.0004710823
0.0045672473
0.0004225284
0.0033019893
6.224133e-05
0.0006561355
0.00020616341
0.0026255234
0.009400553
0.020664673
0.00048474187
0.00017585688
0.0025530707
0.00047941378
0.00062877114
0.0005474725
0.002573802
0.008232196
0.001945755
0.0020256185
0.0058917273
0.0014377711
0.000591782
0.0026164649
0.00069498306
0.0010733028
0.0035107941
0.0003379588
0.0008616224
0.00090788613
0.0032001324
0.0019365352
0.0008960459
0.0012343428
0.0024651848
0.00078635506
0.0032025261
0.05695459
0.0026620151
0.0010350182
0.0025049436
0.0047308314
0.011282892
0.007703287
0.005803363
0.0021768254
0.0033708422
0.00684534
0.00056899444
0.0018033785
0.004070992
0.0010593503
0.01492913
0.001904179
0.00075386703
0.0006434494
0.0135297235
0.00053788256
0.024169974
0.0006403744
0.0008654605
0.008562163
0.004214129
0.0011165023
0.00042318142
0.02288267
0.00028043467
0.0006302753
0.010688735
0.0018247797
0.0469729
0.002893956
0.001857913
0.0014949697
0.0031405855
0.014043006
0.0045117196
0.0012564689
0.00063227065
0.017457193
0.022986058
0.0045977184
0.004112071
0.00067020615
0.00080775295
0.0012910818
0.00023663977
0.00013095074
0.0029888249
0.006878091
0.038375888
0.001399369
0.0028897913
0.016334312
0.05647437
0.0009009341
0.015459125
0.001408853
0.0015097463
0.0057952115
0.008006573
0.019799633
0.00032681006
0.0039172173
0.00034056228
0.0013482568
0.0005518124
0.00022294503
0.0005305738
0.0009490792
0.00023130765
0.0002214394
0.00010525569
0.00346029
0.001900002
0.00038704253
0.00021461929
0.00070152665
0.00018220913
0.0010236274
0.00031890217
0.00026206212
0.0030675875
0.0016655457
0.0002443022
0.00033369844
0.00025838526
0.0020408807
0.0017232503
0.0006500339
0.0005373066
0.0018598771
0.00053439173
0.020911481
0.0013709983
0.00023116436
0.002036616
0.00025275192
0.00058497937
9.692094e-05
0.0008298102
0.0011316808
0.0054174107
0.016785963
0.0003996493
0.0006683191
0.0005787533
0.0005110876
0.0012227171
0.0041197445
0.00062615745
0.0016026306
0.00013492302
7.7692865e-05
0.0033540654
0.00040501202
0.0054476755
0.004465263
0.00025963385
0.0031828166
0.0013553604
0.0038596054
0.0002647674
0.0017770318
0.0006412358
0.0028716077
0.0058290493
0.00018511538
0.0013537916
0.01924314
0.007180467
0.0031146517
0.00278508
0.0031666653
0.00035855352
0.0004419776
0.001881551
0.0047220946
0.00058548246
0.0009938087
0.0014535056
0.0017512084
0.0031196093
0.0020828657
0.0015720438
0.015702905
0.0006828643
0.004343541
0.009618024
0.0056630517
0.00028280632
0.016200295
0.0012838965
0.05539433
0.002892264
0.0010948
0.00056705484
0.0015068443
0.022085287
0.0006711534
0.006616461
0.00041219764
0.0010843271
0.0042927405
0.0018119713
0.00022474636
0.00089283846
0.0014829166
0.0051048677
0.0012369762
0.00083955465
0.0013493366
0.015733786
0.00043698208
0.00021775879
0.0016879902
0.0063067786
0.0016752308
0.002362862
0.093735
0.0028124175
0.00024887445
0.0068057715
0.0006696988
0.009445664
0.00085595076
0.0010991184
0.0012173599
0.0011174477
0.0012062318
0.0013533514
0.0003953215
0.0009209811
0.004171821
0.0020283598
0.0013703058
0.026359923
0.00013387957
0.00023646362
0.00057437655
0.0085417535
0.0005581564
0.0019699354
0.0025615566
0.0003256003
0.0012098582
0.008839506
0.0009576451
0.0034294603
0.0033052673
0.0009447257
0.0008074717
0.017112821
0.03357538
0.006267565
0.0014376465
0.00027486135
0.15836003
0.002310393
0.0009096568
0.0065378183
0.0015878531
0.00208115
0.025696117
0.0035261165
0.0036731423
0.037503242
0.0065381406
0.0020108884
0.0022153344
0.00026452597
0.00037694053
0.00047464794
0.0050271424
0.0044917525
0.0007955366
0.00012926287
0.0004780787
6.5817614e-05
0.0010467835
0.001099331
0.00033187924
0.00034761528
0.00021327173
0.0006002631
0.0006444698
0.00037994268
0.00040613557
0.00013604178
0.0032022854
0.0003875846
0.0024976055
0.0005513022
0.0005831648
0.0007352613
0.00091681414
0.0077184937
0.00049850263
0.0007412424
0.0002617148
0.00018187777
0.00034977825
0.0028320705
0.0014450523
0.0013278757
0.00026398175
0.0014121527
0.0018064994
0.00020047992
0.00042380273
0.0011842072
0.0007859947
0.0005250275
0.000215341
0.0008057645
0.00026714336
0.0010408558
0.00038246723
0.00039387474
0.0009817792
0.00059714325
0.00055438187
0.005393334
0.0008885209
0.0027609786
0.002932144
0.0014505652
0.001380734
0.0026415298
0.0054280525
0.00035895215
0.0012606527
0.009324449
0.00060589437
0.0009316648
0.00093990355
0.0058214967
0.0015495718
0.0013766054
0.0053964453
0.011232241
0.0042164107
0.0013213564
0.0019909826
0.0023170344
0.00039154897
0.00025942177
0.00031059718
0.009858366
0.0021628262
0.0068562673
0.0024068055
0.0036103518
0.00047931756
0.0012382482
0.0043714046
0.0024031822
0.031607993
0.0022529778
0.0038793895
0.0107368445
0.00094314327
0.0016365913
0.00029733303
0.0005735327
0.007748143
0.0013809621
0.0012142442
0.0013018226
0.017469792
0.0019645034
0.004090499
0.030338248
0.018975591
0.018975591
0.018975591
0.018975591
0.018975591
0.018975591
0.018975591
0.018975591
0.018975591
0.018975591
0.018975591
0.018975591
0.018975591
0.018975591
0.018975591
0.018975591
0.018975591
0.018975591
0.018975591
0.018975591
0.018975591
0.018975591
0.018975591
0.018975591
0.018975591
0.018975591
0.018975591
0.018975591
0.018975591
0.018975591
0.018975591
0.018975591
0.018975591
0.018975591
0.018975591
0.018975591
0.018975591
0.018975591
0.018975591
0.018975591
0.018975591
0.018975591
0.018975591
0.018975591
0.018975591
0.018975591
0.018975591
0.018975591
0.018975591
0.018975591
0.018975591
0.018975591
0.018975591
0.018975591
0.018975591
0.018975591
0.018975591
0.018975591
0.018975591
0.018975591
0.018975591
0.018975591
0.018975591
0.018975591
0.018975591
0.018975591
0.018975591
0.018975591
0.018975591
0.018975591
0.018975591
0.018975591
0.018975591
0.018975591
0.018975591
0.018975591
0.018975591
0.018975591
0.018975591
0.018975591
0.018975591
0.018975591
0.018975591
0.018975591
0.018975591
0.018975591
0.018975591
0.018975591
0.018975591
0.018975591
0.018975591
0.018975591
0.018975591
0.018975591
0.018975591
0.018975591
0.018975591
0.018975591
0.018975591
0.018975591
0.018975591
0.018975591
0.018975591
0.018975591
0.018975591
0.018975591
0.018975591
0.018975591
0.018975591
0.018975591
0.018975591
0.018975591
0.018975591
0.018975591
0.018975591
0.018975591
0.018975591
0.018975591
0.018975591
0.018975591
0.018975591
0.018975591
0.018975591
0.018975591
0.018975591
0.018975591
0.018975591
0.018975591
0.018975591
0.018975591
0.018975591
0.018975591
0.018975591
0.018975591
0.018975591
0.018975591
0.018975591
0.018975591
0.018975591
0.018975591
0.018975591
0.018975591
0.018975591
0.018975591
0.018975591
0.018975591
0.018975591
0.018975591
0.018975591
0.018975591
0.018975591
0.018975591
0.018975591
0.018975591
0.018975591
0.018975591
0.018975591
0.018975591
0.018975591
0.018975591
0.018975591
0.018975591
0.018975591
0.018975591
0.018975591
0.018975591
0.018975591
0.018975591
0.018975591
0.018975591
0.018975591
0.018975591
0.018975591
0.018975591
0.018975591
0.018975591
0.018975591
0.018975591
0.018975591
0.018975591
0.018975591
0.018975591
0.018975591
0.018975591
0.018975591
0.018975591
0.018975591
0.018975591
0.018975591
0.018975591
0.018975591
0.018975591
0.018975591
0.018975591
0.018975591
0.018975591
0.018975591
0.018975591
0.018975591
