0.49690699569428126
0.49690699569428126
0.49690699569428126
0.358331794359952
0.49690699569428126
0.4140945996360147
0.05107222828609414
0.32441413648963935
0.3405237868564419
0.09270805756575878
0.49690699569428126
0.49690699569428126
0.49690699569428126
0.1415233368276542
0.49690699569428126
0.49690699569428126
0.49710599613573336
0.28359547541326346
0.49690699569428126
0.49690699569428126
0.49690699569428126
0.06041153684045419
0.36691270454648905
0.49690699569428126
0.49690699569428126
0.49690699569428126
0.3323838794643854
0.49690699569428126
0.01034872917254127
0.011782428936480878
0.19858474382832322
0.49690699569428126
0.26831478630146344
0.12506474562614153
0.49690699569428126
0.49690699569428126
0.49690699569428126
0.47837178300978617
0.49690699569428126
0.49690699569428126
0.1860299510196473
0.49690699569428126
0.49690699569428126
0.21695354731094146
0.036333225645976096
0.326560226404654
0.49690699569428126
0.21938666354749028
0.49690699569428126
0.49690699569428126
0.49690699569428126
0.49690699569428126
0.49690699569428126
0.49690699569428126
0.49690699569428126
0.49690699569428126
0.49690699569428126
0.49690699569428126
0.49690699569428126
0.49690699569428126
0.49690699569428126
0.49690699569428126
0.49690699569428126
0.49690699569428126
0.49690699569428126
0.49690699569428126
0.49690699569428126
0.299426069713812
0.49690699569428126
0.39629494275004856
0.4306923116249779
0.49690699569428126
0.4077802706998955
0.49690699569428126
0.49690699569428126
0.49690699569428126
0.5026700399037116
0.49690699569428126
0.3870840639566295
0.49690699569428126
0.49690699569428126
0.49690699569428126
0.49690699569428126
0.3054210472142216
0.1277037523378666
0.49690699569428126
0.42103344004570126
0.39615178581234234
0.19041950061960575
0.2617646424476389
0.40784738079744004
0.27660871669810533
0.49690699569428126
0.49690699569428126
0.49008702711100677
0.49690699569428126
0.49690699569428126
0.49690699569428126
0.49690699569428126
0.32422793024599905
0.49862765795116637
0.38605111484797416
0.36802166883114745
0.49690699569428126
0.49690699569428126
0.1297277984376001
0.49690699569428126
0.49690699569428126
0.49690699569428126
0.352583978947156
0.49690699569428126
0.49690699569428126
0.5541100829017687
0.49690699569428126
0.49690699569428126
0.49690699569428126
0.49690699569428126
0.49690699569428126
0.49690699569428126
0.49690699569428126
0.49690699569428126
0.2579778566622493
0.49690699569428126
0.49690699569428126
0.27028013941211404
0.49690699569428126
0.49690699569428126
0.49690699569428126
0.582931218350367
0.49690699569428126
0.49690699569428126
0.49690699569428126
0.49690699569428126
0.49690699569428126
0.49690699569428126
0.41020250069345177
0.49690699569428126
0.49690699569428126
0.49690699569428126
0.49690699569428126
0.49690699569428126
0.49690699569428126
0.32947612649452546
0.5135417216073354
0.43092275362061655
0.43092275362061655
0.49690699569428126
0.49690699569428126
0.49690699569428126
0.49690699569428126
0.49690699569428126
0.5674838722008112
0.09313585014686075
0.3953799616581819
0.49690699569428126
0.4982671129028945
0.43629013043064463
0.4287386831416664
0.49690699569428126
0.49690699569428126
0.49690699569428126
0.49690699569428126
0.33481898331252263
0.38949356095925214
0.49690699569428126
0.49690699569428126
0.4133643431045246
0.13248433067989943
0.036522245053840934
0.49690699569428126
0.45199673518463346
0.49690699569428126
0.49690699569428126
0.49690699569428126
0.49690699569428126
0.49690699569428126
0.22871588736985346
0.49690699569428126
0.49690699569428126
0.4072914350321813
0.28623016381482885
0.49690699569428126
0.3813864539661049
0.4077802706998955
0.49690699569428126
0.18171275527268504
0.49690699569428126
0.49690699569428126
0.106182392590468
0.36151510252685354
0.49690699569428126
0.08682379218551943
0.4076344222350443
0.49690699569428126
0.49690699569428126
0.2551165070285878
0.45199313534543045
0.4077802706998955
0.49690699569428126
0.12109821231301025
0.1342443251025495
0.2890622616321136
0.4041010739634295
0.011496642507067074
0.2607442082061729
0.21554289277617555
0.3029945766735883
0.43759471778383946
0.4440710558559765
0.49690699569428126
0.18686897456950005
0.3882128322952914
0.49690699569428126
0.44085084416145165
0.38157720462690464
0.04361169834487599
0.49690699569428126
0.1351306500150388
0.3142452290771301
0.49690699569428126
0.407832668852815
0.49690699569428126
0.3451173855713181
0.49690699569428126
0.43092275362061655
0.41020250069345177
0.5290875256410595
0.49690699569428126
0.4078587103714859
0.2108217446648259
0.34241359022031587
0.49690699569428126
0.49690699569428126
0.4045259466576132
0.16311975410250718
0.49690699569428126
0.49690699569428126
0.49690699569428126
0.49690699569428126
0.4264136754046137
0.49690699569428126
0.49690699569428126
0.49690699569428126
0.49690699569428126
0.49690699569428126
0.49690699569428126
0.49690699569428126
0.49690699569428126
0.49690699569428126
0.49690699569428126
0.49690699569428126
0.49690699569428126
0.49690699569428126
0.49690699569428126
0.49690699569428126
0.17155251813304576
0.4039912179149495
0.3364546670110387
0.21623880241411855
0.49690699569428126
0.18572564379330186
0.49690699569428126
0.12268415168511317
0.3242013718100009
0.49690699569428126
0.28602291257877227
0.49690699569428126
0.49690699569428126
0.49690699569428126
0.49690699569428126
0.4078412673110242
0.49364385743053724
0.49690699569428126
0.18907954087321321
0.14093515258328632
0.49690699569428126
0.49690699569428126
0.49690699569428126
0.28430185409190756
0.49690699569428126
0.18912424370221256
0.49690699569428126
0.050201936491222995
0.41020250069345177
0.18795969014834027
0.49690699569428126
0.1959100986978888
0.49690699569428126
0.31463514296843936
0.3664062547123724
0.048732240319968
0.21614530405595478
0.43759471778383946
0.49690699569428126
0.23478954902043883
0.49690699569428126
0.4185461897371449
0.20174823748894583
0.49690699569428126
0.49690699569428126
0.27660975252161185
0.49690699569428126
0.3311303728566821
0.49690699569428126
0.2506903896218095
0.49690699569428126
0.49690699569428126
0.49690699569428126
0.49690699569428126
0.45199226044287405
0.49690699569428126
0.30459346511312724
0.3895128216639226
0.49690699569428126
0.4078412673110242
0.07554666096757368
0.13411026044286342
0.3139020242426255
0.2920161970334202
0.49690699569428126
0.49690699569428126
0.49690699569428126
0.49690699569428126
0.05007766678574535
0.49690699569428126
0.49690699569428126
0.011514054033416933
0.15436311403893946
0.49364385743053724
0.49690699569428126
0.49690699569428126
0.3325977579868018
0.49690699569428126
0.493288766047753
0.49690699569428126
0.4554579615475746
0.20774305307714774
0.4487387952427547
0.49690699569428126
0.49690699569428126
0.16879602422937515
0.49690699569428126
0.49690699569428126
0.03804191458867566
0.18213626509015055
0.49690699569428126
0.49690699569428126
0.28623333224259484
0.15024856219640853
0.17070857802772002
0.49690699569428126
0.49690699569428126
0.49690699569428126
0.4982671129028945
0.49690699569428126
0.49690699569428126
0.24895962769991928
0.4076344222350443
0.4260679973231213
0.30524737174792355
0.49690699569428126
0.49690699569428126
0.24363269080933786
0.25703484456832515
0.03864051968993462
0.21624335070875492
0.324077800737572
0.4519967101482519
0.4260679973231213
0.4133643431045246
0.1918574377492128
0.4480970418545853
0.2613309341250998
0.3852888175118724
0.10690640410320659
0.3621321869493822
0.5814615279472989
0.49690699569428126
0.09230744236316209
0.29478397526771244
0.4482996413720777
0.36495918095645996
0.399774263822164
0.49690699569428126
0.3635143285704728
0.3619164985492715
0.45569232380232255
0.4133643431045246
0.49690699569428126
0.36671265606789255
0.19972761490738325
0.44254814642117174
0.23697855506085239
0.21981405272035678
0.34694191139662317
0.49690699569428126
0.4046608819011221
0.22854059009215613
0.49364385743053724
0.49690699569428126
0.32943416887468624
0.0348623932942862
0.49364385743053724
0.49690699569428126
0.41485061181116073
0.5216796041264846
0.49690699569428126
0.36138806489314773
0.4011801450310798
0.49632182243780626
0.1836407032447178
0.18716931039725807
0.04101060963330329
0.4076344222350443
0.3547177238825129
0.2688772132744118
0.49690699569428126
0.46299389552012254
0.4077802706998955
0.34396363273622926
0.40785180793224424
0.49690699569428126
0.02642078613259809
0.3884334532898415
0.49690699569428126
0.49690699569428126
0.40785180793224424
0.49690699569428126
0.49690699569428126
0.4094691848407648
0.49690699569428126
0.49690699569428126
0.49690699569428126
0.49690699569428126
0.49690699569428126
0.3787606663608216
0.32927728559158903
0.49690699569428126
0.49690699569428126
0.49690699569428126
0.1747426804620317
0.4088078124283533
0.49690699569428126
0.5814615279472989
0.36381954839878256
0.49690699569428126
0.3475713317409845
0.17429900817285854
0.49690699569428126
0.49690699569428126
0.30582364565209624
0.4078095442250276
0.01216715664654792
0.49690699569428126
0.49690699569428126
0.3629800235155731
0.47662479699239096
0.49690699569428126
0.49690699569428126
0.49690699569428126
0.49690699569428126
0.49690699569428126
0.49690699569428126
0.49690699569428126
0.2058939610075351
0.49690699569428126
0.49690699569428126
0.4133643431045246
0.49690699569428126
0.2716015989634261
0.3294858847511349
0.2683555478017499
0.49690699569428126
0.451992065426536
0.24264469669475452
0.4047051631938875
0.11308753035507893
0.005834558411014818
0.3174221723958779
0.49690699569428126
0.02067992592597593
0.4078095442250276
0.49690699569428126
0.49690699569428126
0.32931662273208023
0.49690699569428126
0.20403139330701253
0.49690699569428126
0.45199954828363914
0.3685270337007444
0.30567255004298344
0.49690699569428126
0.16179162838241615
0.2854016587012372
0.49690699569428126
0.49690699569428126
0.4187367365055956
0.49690699569428126
0.3357924380276566
0.49690699569428126
0.49690699569428126
0.49690699569428126
0.44085084416145165
0.49690699569428126
0.49690699569428126
0.49690699569428126
0.4076344222350443
0.4077802706998955
0.26131365219815617
0.49690699569428126
0.1750576937754339
0.49690699569428126
0.49690699569428126
0.49690699569428126
0.49364385743053724
0.4077802706998955
0.4077802706998955
0.49690699569428126
0.49690699569428126
0.2972934363491377
0.08293236232604503
0.05915005050282653
0.49690699569428126
0.49690699569428126
0.49690699569428126
0.49690699569428126
0.49690699569428126
0.49690699569428126
0.295937577146664
0.3253765387488361
0.4077802706998955
0.29454321271750283
0.4133643431045246
0.49690699569428126
0.2612289231301618
0.15862235021030857
0.49690699569428126
0.49690699569428126
0.4094719135136407
0.40929745131689604
0.4986267477417397
0.11822793877860738
0.5113834302037943
0.49690699569428126
0.16590668403835687
0.2209327860093157
0.49690699569428126
0.4336436777656719
0.4047030422972342
0.49690699569428126
0.11727027283587957
0.49690699569428126
0.49690699569428126
0.3938522009522285
0.42772452990577364
0.49690699569428126
0.2657452969328872
0.4077802706998955
0.21936397983019085
0.2836124893857752
0.37100601738354566
0.022512125798130538
0.3578771901530443
0.49690699569428126
0.49364385743053724
0.49690699569428126
0.1760630904373911
0.14315858476651433
0.4575369283011197
0.49690699569428126
0.05374490804082292
0.03362161225245146
0.45197005126806356
0.49690699569428126
0.4078521602321206
0.32436027713572824
0.06476322874285817
0.49690699569428126
0.21851668035836339
0.3242013718100009
0.0918436859942327
0.49690699569428126
0.49690699569428126
0.14160681250652998
0.49690699569428126
0.49690699569428126
0.4074665110290675
0.49690699569428126
0.49690699569428126
0.40785866185667563
0.49690699569428126
0.49690699569428126
0.3152322106568787
0.36811235710336143
0.49690699569428126
0.2584735958934154
0.13947535443384243
0.49690699569428126
0.49690699569428126
0.49690699569428126
0.49690699569428126
0.37550546139245655
0.49690699569428126
0.49690699569428126
0.4520006594161873
0.12077996638205
0.406959082136949
0.4032218599250371
0.09750854069528005
0.4260679973231213
0.45199555268451225
0.49690699569428126
0.49690699569428126
0.2733614600381137
0.3500973548981086
0.3214155793036662
0.32422793024599905
0.49690699569428126
0.49690699569428126
0.4077802706998955
0.49690699569428126
0.3626008763068554
0.49690699569428126
0.3139618744760157
0.2494368394804692
0.4129622164020449
0.21855159859219342
0.3649387053467411
0.18127341937196836
0.25343283849003934
0.49690699569428126
0.49690699569428126
0.19561647565283866
0.3651514358774292
0.49690699569428126
0.49690699569428126
0.49690699569428126
0.407434921011645
0.45199226044287405
0.49690699569428126
0.49690699569428126
0.49690699569428126
0.36512349115442155
0.49690699569428126
0.17601294987193872
0.4040588541169034
0.25066762046483787
0.26846145664864524
0.03260622781570885
0.28619985667166536
0.49690699569428126
0.120198818978924
0.49690699569428126
0.36368643001458606
0.21852446861639965
0.49690699569428126
0.32426225831281746
0.20159811037666897
0.4361086121639463
0.4078412673110242
0.3105954373125241
0.43195796331738756
0.3557325800643404
0.09368029448786964
0.3291237177993134
0.49690699569428126
0.49690699569428126
0.49690699569428126
0.3614409774573797
0.16133993916187866
0.32396471130491405
0.18909443594142306
0.22244424867988086
0.4077802706998955
0.25502670526174337
0.49690699569428126
0.33269424242650053
0.3025816007871092
0.30596226227382395
0.42643804399747237
0.0570175299333516
0.4302309544404247
0.4133643431045246
0.3784209416725256
0.31701072034385624
0.41762986894338605
0.49364385743053724
0.49690699569428126
0.4133643431045246
0.49690699569428126
0.4077802706998955
0.4423989279707258
0.49690699569428126
0.1685125818042359
0.33650248087883794
0.1588053705471964
0.49690699569428126
0.01016237908844013
0.189195984961209
0.49690699569428126
0.30248030608516585
0.12677854533224847
0.49690699569428126
0.411365799743678
0.49690699569428126
0.35348497201691464
0.1696492688347827
0.49690699569428126
0.059595436631979415
0.27729880900071324
0.0935270446246245
0.4485219652913428
0.49690699569428126
0.13258006597626013
0.49690699569428126
0.49690699569428126
0.09242782508425526
0.49690699569428126
0.49690699569428126
0.49690699569428126
0.49690699569428126
0.49690699569428126
0.49690699569428126
0.4434625969960578
0.448753686714836
0.49690699569428126
0.49690699569428126
0.49690699569428126
0.3242662749874969
0.49690699569428126
0.49690699569428126
0.49690699569428126
0.49690699569428126
0.49364385743053724
0.4520006601424565
0.18913649825599965
0.49690699569428126
0.30795909991983716
0.49690699569428126
0.2505912965811635
0.49690699569428126
0.32287731379681744
0.2543969322445115
0.49690699569428126
0.49690699569428126
0.49690699569428126
0.49690699569428126
0.4628185888715048
0.49690699569428126
0.24479437744498866
0.2713725425155454
0.49690699569428126
0.29997031475141966
0.4078325927307381
0.49690699569428126
0.49690699569428126
0.49690699569428126
0.49690699569428126
0.49690699569428126
0.3665401163761553
0.24757160822136573
0.4133643431045246
0.49690699569428126
0.49690699569428126
0.49690699569428126
0.49690699569428126
0.44805255871296823
0.49690699569428126
0.49690699569428126
0.49690699569428126
0.46260571668959327
0.42089989283953316
0.04155843730296536
0.4078095442250276
0.16130248625495178
0.0414083720692286
0.13233117532256328
0.27220231353080776
0.4077802706998955
0.32640076398173923
0.49690699569428126
0.222320369856988
0.49690699569428126
0.09057891335326568
0.01557189710772635
0.33647355056310496
0.49690699569428126
0.3660531910430122
0.051896947297508815
0.36210999067406946
0.022234652592275295
0.49690699569428126
0.4077802706998955
0.10180321089013802
0.3443075255589446
0.49690699569428126
0.13226130756819562
0.49690699569428126
0.34194951266770535
0.22515479352912787
0.3025365416098295
0.49690699569428126
0.4986267477417397
0.49690699569428126
0.49690699569428126
0.49690699569428126
0.5005452670521084
0.49690699569428126
0.1119922041161642
0.14561005924178316
0.3977434846923595
0.250724099413826
0.49690699569428126
0.43759471778383946
0.49690699569428126
0.45035416747370033
0.24670954529140887
0.49690699569428126
0.49690699569428126
0.3376010096337658
0.49690699569428126
0.49690699569428126
0.05781708834312738
0.13162072562187951
0.3421753037897195
0.3516976283272618
0.014090153384478344
0.49690699569428126
0.49690699569428126
0.17061523894531885
0.04049929389371497
0.33269424242650053
0.49690699569428126
0.3648107747753251
0.49690699569428126
0.49690699569428126
0.15631272544346994
0.019825173072568623
0.37782251984892595
0.37782251984892595
0.411365799743678
0.44802757795605275
0.49690699569428126
0.49690699569428126
0.49690699569428126
0.35465479867594224
0.49690699569428126
0.49690699569428126
0.49690699569428126
0.24247015717086912
0.19018468601145216
0.0442913979328922
0.49690699569428126
0.49690699569428126
0.45188216406560755
0.4133643431045246
0.32053742118354395
0.3174228871962253
0.018302840535292207
0.16300340267937363
0.2749671257028341
0.28342207880243736
0.49690699569428126
0.49690699569428126
0.3749224560186128
0.49690699569428126
0.19905772734899643
0.28381304844863725
0.49690699569428126
0.4078412673110242
0.28330744676275826
0.49690699569428126
0.4315209966309421
0.49690699569428126
0.49690699569428126
0.49690699569428126
0.49690699569428126
0.411365799743678
0.49690699569428126
0.32502551795263956
0.49690699569428126
0.20311716935390892
0.1740239019741793
0.1827540248692903
0.32948242956858076
0.4986267477417397
0.28354469395630433
0.49690699569428126
0.2503762225465357
0.49690699569428126
0.4078586983577417
0.49690699569428126
0.3484439569433425
0.49690699569428126
0.4078095442250276
0.30220716068538983
0.49690699569428126
0.49690699569428126
0.49690699569428126
0.05689341478950935
0.34486551497182966
0.19198066572630182
0.49690699569428126
0.4147440080981185
0.49690699569428126
0.22139173126288283
0.33400466875937207
0.0589405680571258
0.49690699569428126
0.49690699569428126
0.49690699569428126
0.07140905905889906
0.0037939976714864558
0.49690699569428126
0.49690699569428126
0.49690699569428126
0.4039616317992174
0.4133643431045246
0.49690699569428126
0.324475783582382
0.4076344222350443
0.22081746196322888
0.1669491429084419
0.49690699569428126
0.2634817797870415
0.007079256607077334
0.250663663907808
0.49690699569428126
0.49690699569428126
0.4260679973231213
0.49690699569428126
0.49690699569428126
0.3029591133131546
0.09769640202538864
0.49690699569428126
0.05341913317092715
0.49690699569428126
0.2566756539477842
0.4583919029717757
0.4078406535772991
0.44085084416145165
0.49690699569428126
0.35822462813174005
0.3443523775708194
0.31057052015664277
0.49690699569428126
0.49690699569428126
0.157341710871509
0.404631679960608
0.4519822158920239
0.4986267477417397
0.49690699569428126
0.49690699569428126
0.49690699569428126
0.49690699569428126
0.34427134875180576
0.49690699569428126
0.11481856561148591
0.37217736511921895
0.49690699569428126
0.49690699569428126
0.49690699569428126
0.49690699569428126
0.24210182763139484
0.3734172369262714
0.49690699569428126
0.287392088133126
0.49690699569428126
0.49364385743053724
0.49690699569428126
0.49690699569428126
0.49690699569428126
0.49690699569428126
0.43046670028078327
0.49690699569428126
0.49690699569428126
0.49690699569428126
0.4520006601332973
0.3691323285562117
0.3651335363545542
0.49690699569428126
0.49690699569428126
0.49690699569428126
0.45199226044287405
0.4077802706998955
0.49690699569428126
0.3974853560068587
0.4519993221102173
0.49690699569428126
0.44802757795605275
0.49690699569428126
0.4133643431045246
0.49690699569428126
0.45188216406560755
0.49690699569428126
0.2790977139950952
0.49690699569428126
0.49690699569428126
0.4110469545227753
0.42954308977944833
0.49690699569428126
0.4302670503122105
0.49690699569428126
0.49690699569428126
0.47813890247180435
0.49690699569428126
0.45199226044287405
0.4965518588627769
0.49690699569428126
0.49690699569428126
0.4982671129028945
0.174294084161157
0.30096942668908416
0.49690699569428126
0.4078095442250276
0.2276517520294285
0.49690699569428126
0.32927728559158903
0.28760966871017835
0.5083663442424959
0.2482366962960679
0.44767628916057445
0.49690699569428126
0.15824010188440937
0.32442385504807053
0.49690699569428126
0.08680083413010826
0.49690699569428126
0.411365799743678
0.4520005824468543
0.49690699569428126
0.49690699569428126
0.13831109262573532
0.10279709143955527
0.2708299849134033
0.49364385743053724
0.2715534545326334
0.4096118365399033
0.3067555208721269
0.3651509130197285
0.4260679973231213
0.49690699569428126
0.538888965227966
0.18709758180147862
0.4076344222350443
0.21831621479349358
0.4133643431045246
0.31842574426888054
0.49690699569428126
0.31257256718927434
0.3726667645417853
0.026625112529104582
0.019142953588695975
0.2068990311360496
0.11952641452123759
0.4520006594161873
0.2861755871250598
0.13901113563475587
0.5216796041264846
0.49690699569428126
0.20170019458810812
0.4041829536247523
0.49690699569428126
0.49690699569428126
0.3171357909371728
0.49690699569428126
0.49690699569428126
0.49690699569428126
0.49690699569428126
0.49690699569428126
0.49690699569428126
0.49690699569428126
0.3612007448117556
0.365140026780518
0.49690699569428126
0.49690699569428126
0.49690699569428126
0.49364385743053724
0.18167708792798656
0.49690699569428126
0.49690699569428126
0.49690699569428126
0.23286978372969896
0.32439894972049227
0.49690699569428126
0.49690699569428126
0.36482949206797116
0.36522729809919136
0.32094502921489093
0.2697702389791041
0.26885154629100794
0.26627721048237585
0.27782738531778417
0.13663451670566198
0.06683256313688116
0.0609703214532553
0.23026491314860908
0.0519452597591153
0.27739874369458967
0.3242013718100009
0.4986267477417397
0.16132124740314077
0.49690699569428126
0.41020250069345177
0.4350226869542981
0.4520006594161873
0.49690699569428126
0.49690699569428126
0.32413563644538446
0.49690699569428126
0.18716349182377354
0.49690699569428126
0.15534145921514725
0.49690699569428126
0.4150343701708666
0.36667910859914526
0.49690699569428126
0.21408783705853593
0.4338142848361632
0.15467627446946028
0.37609334291780533
0.364972586336949
0.1012694969258485
0.3704320832482888
0.26569549028017436
0.059685292866838435
0.40014183367022915
0.17785352427354761
0.4078504125600275
0.49690699569428126
0.49690699569428126
0.49690699569428126
0.49690699569428126
0.2583175670532453
0.49690699569428126
0.49364385743053724
0.2890098746818715
0.3884371065060589
0.49690699569428126
0.43629013043064463
0.49690699569428126
0.49690699569428126
0.49690699569428126
0.49690699569428126
0.30738158023793716
0.32759138171337054
0.49690699569428126
0.32157247469929745
0.5340413248707804
0.1436342549619376
0.2347991768997969
0.3617759108210235
0.49690699569428126
0.49690699569428126
0.4076344222350443
0.49690699569428126
0.23715773501294587
0.49690699569428126
0.49690699569428126
0.4075112776268862
0.3754109382376765
0.39441783838648914
0.49690699569428126
0.44760617161279687
0.292071416146314
0.3269011956556822
0.24100991228856627
0.32389020165153526
0.16299528679849754
0.49690699569428126
0.198587254494367
0.45199954828363914
0.49690699569428126
0.49690699569428126
0.49690699569428126
0.23648051362712313
0.4077802706998955
0.49690699569428126
0.49690699569428126
0.4076344222350443
0.3856973745953298
0.3055105014346344
0.49690699569428126
0.33451528797443647
0.0906487922717144
0.3304513832352641
0.49690699569428126
0.49690699569428126
0.49690699569428126
0.32434829487242167
0.47018688270848513
0.37823241854767525
0.49690699569428126
0.1998962228486494
0.49690699569428126
0.49690699569428126
0.4519993221102173
0.010725641201024106
0.49690699569428126
0.49690699569428126
0.1332625276811691
0.49690699569428126
0.10124054614253185
0.23729165654288498
0.49690699569428126
0.49690699569428126
0.49364385743053724
0.49690699569428126
0.2104911350045169
0.49690699569428126
0.49862765795116637
0.49690699569428126
0.49690699569428126
0.49690699569428126
0.49690699569428126
0.49690699569428126
0.034989961570215104
0.3271483979014393
0.49690699569428126
0.32422466001668027
0.49690699569428126
0.43759471778383946
0.251190815979232
0.49690699569428126
0.4078412673110242
0.2861940283793879
0.4077802706998955
0.2779382494669795
0.21253716461216324
0.44164856955244275
0.2640450838371866
0.4133643431045246
0.48641431642255173
0.49690699569428126
0.49364385743053724
0.43426425730977675
0.49690699569428126
0.4133643431045246
0.49690699569428126
0.4150343701708666
0.49690699569428126
0.49690699569428126
0.30070377455919073
0.05322263273980787
0.23799215132138038
0.49690699569428126
0.46913367462006794
0.4336436777656719
0.19849884651707383
0.4077802706998955
0.49690699569428126
0.4982671129028945
0.49690699569428126
0.32444896398503276
0.35306966481116064
0.49690699569428126
0.49364385743053724
0.49690699569428126
0.2735068144368179
0.16258017279271572
0.43759471778383946
0.20190288269689438
0.49690699569428126
0.4133714738029618
0.12403914512395754
0.4076344222350443
0.49690699569428126
0.37885986383210496
0.2490625151269694
0.49690699569428126
0.2680513729365418
0.41020250069345177
0.3291978323581855
0.32927728559158903
0.4151420422634129
0.4046935985747841
0.4077802706998955
0.49690699569428126
0.3210382154323565
0.25981396501433157
0.2689368816476938
0.018890687384466483
0.49690699569428126
0.49690699569428126
0.49690699569428126
0.31046310470391797
0.49690699569428126
0.43629013043064463
0.49690699569428126
0.2657191273966372
0.40014175801364904
0.49690699569428126
0.49690699569428126
0.3867184560609833
0.4519966847903495
0.1325666796645284
0.321561218688923
0.4076344222350443
0.49690699569428126
0.4076344222350443
0.49690699569428126
0.49690699569428126
0.1367776709079387
0.49690699569428126
0.16017045130179094
0.32422793024599905
0.49690699569428126
0.4027620742351484
0.49690699569428126
0.49690699569428126
0.4260679973231213
0.49690699569428126
0.49690699569428126
0.3685022849857662
0.49690699569428126
0.49690699569428126
0.32422793024599905
0.4519966591047613
0.49690699569428126
0.49690699569428126
0.27357353891189146
0.11828698178269498
0.49690699569428126
0.2344594329976412
0.49690699569428126
0.49690699569428126
0.20400907439787835
0.4260679973231213
0.4654141525656631
0.49690699569428126
0.49690699569428126
0.02174216943035973
0.20609735137186747
0.3944150834706118
0.26828119674549783
0.49690699569428126
0.49690699569428126
0.49690699569428126
0.49690699569428126
0.09849195933410455
0.27303721850983503
0.2767731540486263
0.4302309544404247
0.4476667068646531
0.49690699569428126
0.08391394830032527
0.4077802706998955
0.452000487087965
0.3475535041855482
0.27343699374999275
0.24448787586095128
0.16306019501644686
0.004593671295389345
0.1348655299566607
0.08730213118942545
0.49690699569428126
0.40784234107266026
0.3651484640395761
0.22188494064839992
0.18373809434442515
0.49690699569428126
0.3419977347939067
0.31067873739059615
0.49690699569428126
0.27703434350081857
0.49690699569428126
0.49690699569428126
0.49690699569428126
0.49690699569428126
0.49690699569428126
0.49690699569428126
0.1025923645886046
0.20567039148017874
0.021541791145897545
0.07450543551357336
0.12264920208465187
0.15146626229668714
0.020638049015711642
0.05458087874082562
0.06234843086879132
0.025911203795160008
0.010254661625529392
0.49690699569428126
0.49690699569428126
0.1374596108205908
0.49690699569428126
0.49690699569428126
0.005556092811197125
0.43044227982189637
0.4553261100337124
0.49690699569428126
0.4519966847903495
0.32242023889280325
0.01604379425213487
0.3680668860582639
0.49690699569428126
0.49690699569428126
0.35475645898263997
0.49690699569428126
0.4133643431045246
0.09886104790442271
0.49690699569428126
0.24071269040445925
0.49690699569428126
0.22012281876180181
0.4892566711497695
0.45199667198891197
0.49690699569428126
0.49690699569428126
0.4285763459091703
0.21313820017452895
0.41619914846830847
0.49690699569428126
0.49690699569428126
0.49690699569428126
0.03700660815711629
0.49690699569428126
0.49690699569428126
0.49690699569428126
0.49690699569428126
0.40963294179140225
0.28163806980045714
0.49690699569428126
0.49690699569428126
0.49690699569428126
0.3134343312160143
0.49690699569428126
0.36510811035941076
0.49690699569428126
0.49690699569428126
0.49690699569428126
0.49690699569428126
0.49690699569428126
0.49690699569428126
0.09215307660707357
0.4302309544404247
0.49690699569428126
0.4953643461025716
0.43092275362061655
0.4986267477417397
0.21248244569577654
0.49690699569428126
0.49690699569428126
0.34001995868982454
0.5067088748623817
0.3650304526677208
0.49690699569428126
0.4260679973231213
0.49690699569428126
0.42546817570644846
0.49690699569428126
0.404486188481495
0.49690699569428126
0.49690699569428126
0.34241118988956165
0.49690699569428126
0.35476690242962083
0.4077802706998955
0.49690699569428126
0.4934138478564551
0.49690699569428126
0.4005072314386102
0.49690699569428126
0.49690699569428126
0.4133643431045246
0.4077802706998955
0.49690699569428126
0.4510001068095347
0.36514981615925607
0.49690699569428126
0.3242013718100009
0.49690699569428126
0.34515428229609213
0.49690699569428126
0.49690699569428126
0.49690699569428126
0.2885542134241238
0.20327758646122393
0.38738785907922835
0.33655388685090964
0.42782266938998714
0.49690699569428126
0.35215756308908214
0.49690699569428126
0.49690699569428126
0.49690699569428126
0.3647536952061868
0.459168892064656
0.49690699569428126
0.49690699569428126
0.25548152636657684
0.4319540638956106
0.49690699569428126
0.49690699569428126
0.40951511077171815
0.4378973572260694
0.49690699569428126
0.2705953118849167
0.4133643431045246
0.32463130428285997
0.18834594418611275
0.18988244761449014
0.49690699569428126
0.49690699569428126
0.36515506600623826
0.49690699569428126
0.49690699569428126
0.16429574828534207
0.49690699569428126
0.49690699569428126
0.49690699569428126
0.49862765795116637
0.33237719194200094
0.49690699569428126
0.49690699569428126
0.49690699569428126
0.4133643431045246
0.17101839929599058
0.45188216406560755
0.2476350814271469
0.49690699569428126
0.30170556540291543
0.32941068888151853
0.49690699569428126
0.4078587206452443
0.49690699569428126
0.49690699569428126
0.49690699569428126
0.49690699569428126
0.17342628171891591
0.45188216406560755
0.49690699569428126
0.32941068888151853
0.49690699569428126
0.25856543701067086
0.34502813611393574
0.49690699569428126
0.43629013043064463
0.49690699569428126
0.35073962084795784
0.49690699569428126
0.2974836945735172
0.49690699569428126
0.49690699569428126
0.49690699569428126
0.49690699569428126
0.49690699569428126
0.49690699569428126
0.5216796041264846
0.31777851132663
0.49690699569428126
0.45199954928092695
0.4133643431045246
0.4440710558559765
0.4255287270490478
0.49690699569428126
0.14243739067403666
0.49690699569428126
0.2481386181477818
0.36864846769041903
0.49690699569428126
0.49690699569428126
0.4133643431045246
0.49690699569428126
0.40774690249865575
0.411365799743678
0.4001407571969599
0.29477453626001954
0.5216796041264846
0.49690699569428126
0.2185464516871168
0.2901993496023098
0.4986267477417397
0.49690699569428126
0.3161402200454479
0.49690699569428126
0.49690699569428126
0.32948244055827774
0.49690699569428126
0.48279916870959927
0.1643951297050213
0.2909349487529822
0.4302309544404247
0.4076344222350443
0.42847104649272305
0.437217801020638
0.49690699569428126
0.49690699569428126
0.41137120073776323
0.49690699569428126
0.4278789851476901
0.49690699569428126
0.35914448543559274
0.49690699569428126
0.49690699569428126
0.49690699569428126
0.49690699569428126
0.49690699569428126
0.09647097549548589
0.49690699569428126
0.4260679973231213
0.4986267477417397
0.3017588838826457
0.49690699569428126
0.18709544554127341
0.3650330053869763
0.49690699569428126
0.3105786282344521
0.49690699569428126
0.49690699569428126
0.203134636312437
0.20656630020129962
0.23787468337803902
0.36880508160213965
0.04915223525659742
0.20727141936160348
0.40093873456229867
0.49690699569428126
0.17683127765659618
0.24510954973454238
0.04396650435304856
0.49690699569428126
0.49690699569428126
0.3614455420410531
0.49690699569428126
0.4270340122851174
0.015818099660817764
0.49690699569428126
0.49690699569428126
0.4133643431045246
0.5282555962544238
0.49690699569428126
0.22869513473405356
0.49690699569428126
0.16378233736365572
0.3468900125655145
0.37217736511921895
0.49690699569428126
0.4077802706998955
0.49690699569428126
0.3802818764477688
0.26265184565095695
0.49690699569428126
0.3526843273355695
0.49690699569428126
0.49690699569428126
0.3889635176430948
0.49690699569428126
0.24308738470979324
0.49690699569428126
0.49690699569428126
0.4009893217851734
0.49690699569428126
0.22042502627221347
0.25528552741680255
0.4077802706998955
0.49690699569428126
0.49690699569428126
0.4551503446385489
0.4150785675330289
0.3529528313051219
0.49690699569428126
0.49690699569428126
0.279357350685463
0.11192060024639713
0.0703670688119387
0.5233968044292292
0.4133643431045246
0.44480163108117826
0.49690699569428126
0.4295917097436357
0.4260679973231213
0.49690699569428126
0.49690699569428126
0.49690699569428126
0.49690699569428126
0.49690699569428126
0.49690699569428126
0.4133643431045246
0.49690699569428126
0.3105164427556389
0.3239455138432886
0.19664155995372598
0.3746295627780774
0.25080385970076086
0.4078412673110242
0.4076344222350443
0.23881934450941955
0.36514194672524264
0.18899581676768376
0.49690699569428126
0.49690699569428126
0.5243719901955199
0.452000487087965
0.49690699569428126
0.49690699569428126
0.49690699569428126
0.49690699569428126
0.49690699569428126
