0.04522892575356094
0.04522892575356094
0.04522892575356094
0.005919929418169638
0.04522892575356094
0.002511683154746999
0.00024397253917557668
0.015055715633946878
0.0245021160065894
0.00014690320775131638
0.04522892575356094
0.04522892575356094
0.04522892575356094
0.00097720783993033
0.04522892575356094
0.04522892575356094
0.00352398229840272
0.006311525427652578
0.04522892575356094
0.04522892575356094
0.04522892575356094
0.006317650910562131
0.0030158735634608037
0.04522892575356094
0.04522892575356094
0.04522892575356094
0.0022110041296427695
0.04522892575356094
0.009622985483098962
0.00016493477612195207
0.0005079268436490052
0.04522892575356094
0.00809863804822441
0.008947601958734177
0.04522892575356094
0.04522892575356094
0.04522892575356094
0.004924539290857354
0.04522892575356094
0.04522892575356094
0.001303186877797983
0.04522892575356094
0.04522892575356094
0.005127822713155148
0.0010650776692534862
0.0019149788758167576
0.04522892575356094
0.033942223983789946
0.04522892575356094
0.04522892575356094
0.04522892575356094
0.04522892575356094
0.04522892575356094
0.04522892575356094
0.04522892575356094
0.04522892575356094
0.04522892575356094
0.04522892575356094
0.04522892575356094
0.04522892575356094
0.04522892575356094
0.04522892575356094
0.04522892575356094
0.04522892575356094
0.04522892575356094
0.04522892575356094
0.04522892575356094
0.061966164553498695
0.04522892575356094
0.02395488240781978
0.017784095243305886
0.04522892575356094
0.27219441369522257
0.04522892575356094
0.04522892575356094
0.04522892575356094
0.0111650288747908
0.04522892575356094
0.02652566540407857
0.04522892575356094
0.04522892575356094
0.04522892575356094
0.04522892575356094
0.010901015974635601
0.011897992216467307
0.020119780176325486
0.0327241852991681
0.007776988625099075
0.002704650691336165
0.0041517834659847
0.03694017139829565
0.0016792876335241667
0.04522892575356094
0.04522892575356094
0.0327241852991681
0.04522892575356094
0.04522892575356094
0.04522892575356094
0.04522892575356094
0.003609906291465933
0.01485997334149883
0.003265757980186829
0.00943917293997015
0.04522892575356094
0.04522892575356094
0.010881206389950177
0.04522892575356094
0.04522892575356094
0.04522892575356094
0.0023571547148386702
0.04522892575356094
0.04522892575356094
0.02395488240781978
0.04522892575356094
0.04522892575356094
0.04522892575356094
0.04522892575356094
0.04522892575356094
0.04522892575356094
0.04522892575356094
0.04522892575356094
0.004522824908622181
0.04522892575356094
0.04522892575356094
0.014571511805033488
0.04522892575356094
0.04522892575356094
0.04522892575356094
0.024539712324551006
0.04522892575356094
0.04522892575356094
0.04522892575356094
0.04522892575356094
0.04522892575356094
0.04522892575356094
0.0025246909320584773
0.04522892575356094
0.04522892575356094
0.04522892575356094
0.04522892575356094
0.04522892575356094
0.04522892575356094
0.009054332100899516
0.0007374240661891759
0.02468682606368957
0.02468682606368957
0.04522892575356094
0.04522892575356094
0.04522892575356094
0.04522892575356094
0.04522892575356094
0.002861658136129357
0.01510689978846899
0.00022515437235353405
0.04522892575356094
0.010462387166575089
0.016230833797312168
0.005343673440129575
0.04522892575356094
0.04522892575356094
0.04522892575356094
0.04522892575356094
0.0024089965321393053
0.0015314007590741415
0.04522892575356094
0.04522892575356094
0.0111650288747908
0.001996417141525347
0.0025821530855805468
0.04522892575356094
0.02721564758824957
0.04522892575356094
0.04522892575356094
0.04522892575356094
0.04522892575356094
0.04522892575356094
0.004261067094581144
0.04522892575356094
0.04522892575356094
0.008463965717049956
0.04522892575356094
0.04522892575356094
0.000952493712981107
0.27219441369522257
0.04522892575356094
0.00033607714085279064
0.04522892575356094
0.04522892575356094
0.002485913228034277
0.004489638616678911
0.04522892575356094
0.00020887056040113841
0.011050088327044174
0.04522892575356094
0.04522892575356094
0.004992282554640267
0.024617235955564833
0.27219441369522257
0.04522892575356094
0.0017048287441588244
0.0004838770274152063
0.005014069675054385
0.009020394294072974
0.0071867742479592095
0.0005310914685848113
0.00622788608323699
0.0026853957366529822
0.0030141032084088433
0.0327241852991681
0.04522892575356094
0.010737825976147617
0.0026380754495731636
0.04522892575356094
0.007497704832032245
0.005282375346198827
0.4899375786649997
0.04522892575356094
0.004070650121475098
0.00216940237967309
0.04522892575356094
0.03700710653610974
0.04522892575356094
0.0022187274146589103
0.04522892575356094
0.02468682606368957
0.0025246909320584773
0.0009274763026223279
0.04522892575356094
0.024521992947717224
0.0001675303168966809
0.003385809011679424
0.04522892575356094
0.04522892575356094
0.0020444579319333273
0.0004495290867517393
0.04522892575356094
0.04522892575356094
0.04522892575356094
0.04522892575356094
0.007650243238983337
0.04522892575356094
0.04522892575356094
0.04522892575356094
0.04522892575356094
0.04522892575356094
0.04522892575356094
0.04522892575356094
0.04522892575356094
0.04522892575356094
0.04522892575356094
0.04522892575356094
0.04522892575356094
0.04522892575356094
0.04522892575356094
0.04522892575356094
0.0005628249985686584
0.03322374838741347
0.022716466682379068
0.013998981118274438
0.04522892575356094
0.0009256126736901085
0.04522892575356094
0.0013065639660126754
0.011050088327044174
0.04522892575356094
0.016783170510392235
0.04522892575356094
0.04522892575356094
0.04522892575356094
0.04522892575356094
0.21559759434873235
0.011588820140267044
0.04522892575356094
0.06676486622443793
0.00011921849443596973
0.04522892575356094
0.04522892575356094
0.04522892575356094
0.0008131161767028237
0.04522892575356094
0.004908160171377587
0.04522892575356094
0.0038271527542410554
0.002798929084901139
0.0003445137325131297
0.04522892575356094
0.005914621589159522
0.04522892575356094
0.0038647158860455146
0.0011107174619164164
0.0007494394871691829
0.009841317873536717
0.0030141032084088433
0.04522892575356094
0.0008646529926401547
0.04522892575356094
0.002861658136129357
0.004017218093923601
0.04522892575356094
0.04522892575356094
0.0013057700682219525
0.04522892575356094
0.002250239547696127
0.04522892575356094
0.003999489008151713
0.04522892575356094
0.04522892575356094
0.04522892575356094
0.04522892575356094
0.03022999341349582
0.04522892575356094
0.012996631963050632
0.0023227007056860092
0.04522892575356094
0.04522892575356094
0.000720780633926461
0.0003248623418492546
0.0012196176202105185
0.0003956036774340281
0.04522892575356094
0.04522892575356094
0.04522892575356094
0.04522892575356094
0.00020106403012322885
0.04522892575356094
0.04522892575356094
0.0009406734852163435
0.0006200827187163741
0.010462387166575089
0.04522892575356094
0.04522892575356094
0.010718316063692005
0.04522892575356094
0.0038535601452518624
0.04522892575356094
0.001962678394421675
0.003198100837900178
0.008519176216318746
0.04522892575356094
0.04522892575356094
0.003578342858003574
0.04522892575356094
0.04522892575356094
0.0006834955603207068
0.007000248103538048
0.04522892575356094
0.04522892575356094
0.016820937778316714
0.0002071048927412323
0.019591199067796664
0.04522892575356094
0.04522892575356094
0.04522892575356094
0.010462387166575089
0.04522892575356094
0.04522892575356094
0.00023338818529715886
0.011050088327044174
0.011082921011227948
0.011906253553587189
0.04522892575356094
0.04522892575356094
0.007514930715699413
0.0076668656195551296
0.0019503760316762488
0.0059378092409972435
0.016497525377583165
0.03696130340393296
0.011082921011227948
0.0111650288747908
0.0014793742355308167
0.010848569202909213
0.0016364401735680667
0.0004765896047692858
0.0032963785564082857
0.010467080678948935
0.04522892575356094
0.04522892575356094
0.0009219940050591144
0.00465459499550821
0.005279599769700591
0.016148399102324067
0.010642854664282195
0.04522892575356094
0.0011298682596886439
0.0037708118478720605
0.02840056592925618
0.0111650288747908
0.04522892575356094
0.008124540619710548
0.003196896993065237
0.0029748615154139664
0.000789133163493628
0.0030555639686265534
0.003375931297420554
0.04522892575356094
0.0038034152550176616
0.0001465628520714173
0.010462387166575089
0.04522892575356094
0.005533760484623267
0.0002606559235828216
0.010467080678948935
0.04522892575356094
0.01089119607778449
0.011096087464770026
0.04522892575356094
0.012199593193084541
0.001885455585354862
0.008181906238076695
0.001502942288379898
0.0023278995081932375
0.00028894746947935314
0.011050088327044174
0.0032602562214376434
0.008006439978890247
0.04522892575356094
0.007497704832032245
0.27219441369522257
0.018129952680651738
0.0369190367357618
0.04522892575356094
0.0015696256099246297
0.011089626683573436
0.04522892575356094
0.04522892575356094
0.0369190367357618
0.04522892575356094
0.04522892575356094
0.007379004963534195
0.04522892575356094
0.04522892575356094
0.04522892575356094
0.04522892575356094
0.04522892575356094
0.001166871662369043
0.0029648344677614506
0.04522892575356094
0.04522892575356094
0.04522892575356094
0.0022360311561301508
0.04522892575356094
0.04522892575356094
0.04522892575356094
0.0008585683749563753
0.04522892575356094
0.0019868885267693465
0.0008392213894734041
0.04522892575356094
0.04522892575356094
0.014442772613931884
0.015071734596905424
0.001129724746815492
0.04522892575356094
0.04522892575356094
0.004683767273638107
0.009020394294072974
0.04522892575356094
0.04522892575356094
0.04522892575356094
0.04522892575356094
0.04522892575356094
0.04522892575356094
0.04522892575356094
0.554849092467082
0.04522892575356094
0.04522892575356094
0.0111650288747908
0.04522892575356094
0.001785943166506846
0.0111650288747908
0.002356887272245414
0.04522892575356094
0.04522892575356094
0.0013568812784825251
0.012828653429970025
0.001622808219051677
0.0024588970833486763
0.0010192266927580454
0.04522892575356094
0.4196505221902477
0.015071734596905424
0.04522892575356094
0.04522892575356094
0.009101900911991227
0.04522892575356094
0.00027808084777311706
0.04522892575356094
0.04522892575356094
0.018805348616560958
0.009436662901223159
0.04522892575356094
0.0001628491208462104
0.009072028838761818
0.04522892575356094
0.04522892575356094
0.0006194947329076171
0.04522892575356094
0.00017989190896992827
0.04522892575356094
0.04522892575356094
0.04522892575356094
0.007494332724436978
0.04522892575356094
0.04522892575356094
0.8036626786578057
0.01668441213162349
0.27219441369522257
0.0006618550126634236
0.04522892575356094
0.000995440131649649
0.04522892575356094
0.04522892575356094
0.04522892575356094
0.008476510843897323
0.27219441369522257
0.27219441369522257
0.04522892575356094
0.04522892575356094
0.01999676129637549
0.0016983542162984722
0.0036427034609961273
0.04522892575356094
0.04522892575356094
0.04522892575356094
0.04522892575356094
0.04522892575356094
0.04522892575356094
0.0019506510237014515
0.0060363233653108654
0.27219441369522257
0.0030641002134383683
0.0111650288747908
0.04522892575356094
0.02671191053098123
0.019634261326464814
0.04522892575356094
0.04522892575356094
0.004867166405518709
0.003106104101657615
0.01485997334149883
0.010441863623127885
0.0037097434426362663
0.04522892575356094
0.0004811751170126014
0.0008256901951972966
0.04522892575356094
0.0014481596602648511
0.004563960802861037
0.04522892575356094
0.002745976442192866
0.04522892575356094
0.04522892575356094
0.0030141032084088433
0.010467080678948935
0.04522892575356094
0.004419815289394306
0.04073953507268307
0.00016894746398972866
0.007653684958212242
0.005578466136813985
0.0009055679734852246
0.004815050281132028
0.04522892575356094
0.010467080678948935
0.04522892575356094
0.001542703069746889
0.00027299541769683887
0.0051978837605149075
0.04522892575356094
0.0006649875471848618
0.01632696307258123
0.03700710653610974
0.04522892575356094
0.024621475719716943
0.013583599886240461
0.0013120564943408814
0.04522892575356094
0.040982193573390654
0.009918023006488289
0.004542534690781418
0.04522892575356094
0.04522892575356094
0.013098958924060898
0.04522892575356094
0.04522892575356094
0.008265887744091253
0.04522892575356094
0.04522892575356094
0.020119780176325486
0.04522892575356094
0.04522892575356094
0.028906847481711153
0.0026380754495731636
0.04522892575356094
0.0015795382701762719
0.0003510879955288222
0.04522892575356094
0.961237501395156
0.04522892575356094
0.04522892575356094
0.006523792742104763
0.04522892575356094
0.04522892575356094
0.04522892575356094
0.011511056623693039
0.001510228353943037
0.0111650288747908
0.000673807310577113
0.011082921011227948
0.03697795429404804
0.04522892575356094
0.04522892575356094
0.02866844313646755
0.01233717894112815
0.001377487306309162
0.004433599658960232
0.04522892575356094
0.04522892575356094
0.04073953507268307
0.04522892575356094
0.00025698033276782043
0.04522892575356094
0.000844774881689139
0.0009605625848245613
0.0030888856941512477
0.028779124044835513
0.008975639804403366
0.011287379546407609
0.009941339510231195
0.04522892575356094
0.04522892575356094
0.007048198430100999
0.04522892575356094
0.04522892575356094
0.04522892575356094
0.04522892575356094
0.0007089667931586463
0.03022999341349582
0.04522892575356094
0.04522892575356094
0.04522892575356094
0.0315216275461754
0.04522892575356094
0.013467628574115835
0.00881712263501856
0.04394769452747415
0.008165796547591555
0.046878442814538554
0.03697795429404804
0.04522892575356094
0.0003364342929767706
0.04522892575356094
0.001833629046898777
0.012264535904476926
0.04522892575356094
0.008966202391157248
0.00043934943078542844
0.0026396255267917106
0.21559759434873235
0.0001663288811664814
0.002873372016661883
0.00311090039199934
0.004438558413636448
0.002205540915060801
0.04522892575356094
0.04522892575356094
0.04522892575356094
0.027061505601841458
0.00040369271584728654
0.008463965717049956
0.00741093883530776
0.0044854553914313615
0.27219441369522257
0.0029648344677614506
0.04522892575356094
0.004547427706522497
0.008520314219540552
0.0005931152405925921
0.005690627231482603
0.0009646853134358027
0.01489317769150708
0.0111650288747908
0.005934756002696374
0.0013112125953897368
0.0012505051943790023
0.010470011492515755
0.04522892575356094
0.0111650288747908
0.04522892575356094
0.27219441369522257
0.0008287449849805184
0.04522892575356094
0.0006855724391793997
0.001240175805512529
0.000264039496930789
0.04522892575356094
0.0062771598500563535
0.02271941904478847
0.04522892575356094
0.0037082758980521552
0.0023425011945423517
0.04522892575356094
0.018792362997824295
0.04522892575356094
0.00565170249246019
0.0018771354282649069
0.04522892575356094
0.001686161987400076
0.002658286527772571
0.008645464078936188
0.017749077729682664
0.04522892575356094
0.004187870573923103
0.04522892575356094
0.04522892575356094
0.007521282059924946
0.04522892575356094
0.04522892575356094
0.04522892575356094
0.04522892575356094
0.04522892575356094
0.04522892575356094
0.002250239547696127
0.0111650288747908
0.04522892575356094
0.04522892575356094
0.04522892575356094
0.018939116685306248
0.04522892575356094
0.04522892575356094
0.04522892575356094
0.04522892575356094
0.010462387166575089
0.04522892575356094
0.001950459682882224
0.04522892575356094
0.001219440882859124
0.04522892575356094
0.003128745750005765
0.04522892575356094
0.0005021201828953832
0.0014038104718623618
0.04522892575356094
0.04522892575356094
0.04522892575356094
0.04522892575356094
0.00728221639607694
0.04522892575356094
0.019093606501950026
0.0013356735725632647
0.04522892575356094
0.001876448072345764
0.03700710653610974
0.04522892575356094
0.04522892575356094
0.04522892575356094
0.04522892575356094
0.04522892575356094
0.0045114314153560965
0.0027613141214418335
0.0111650288747908
0.04522892575356094
0.04522892575356094
0.04522892575356094
0.04522892575356094
0.008632658974381703
0.04522892575356094
0.04522892575356094
0.04522892575356094
0.007949704061121821
0.005491083031566206
0.005365541884916
0.015071734596905424
0.0058523367634331
0.002176313191371244
0.0331806850779962
0.00183885822768185
0.27219441369522257
0.0010043237503103211
0.04522892575356094
0.0032649902354749682
0.04522892575356094
0.0006241663576560726
0.00012566332785340407
0.029629803194807597
0.03681148378861577
0.0055902653592119975
0.00456015969804092
0.013344745001059448
0.00725165981209982
0.04522892575356094
0.27219441369522257
0.01756611135006716
0.004504594246155806
0.04522892575356094
0.011813525321152348
0.04522892575356094
0.0016797586562123962
0.0007933843754151855
0.0026396255267917106
0.04522892575356094
0.01485997334149883
0.04522892575356094
0.04522892575356094
0.04522892575356094
0.023013230860738615
0.04522892575356094
0.004200760859994972
0.00031280816635962007
0.0332478893109149
0.009877640438174575
0.04522892575356094
0.0030141032084088433
0.04522892575356094
0.003850460678500598
0.005858928524883545
0.04522892575356094
0.04522892575356094
0.009339401743509973
0.04522892575356094
0.04522892575356094
0.0004715100348177175
0.0010738247104706098
0.002292634620417346
0.0013592091067328007
0.0021222349192750707
0.04522892575356094
0.04522892575356094
0.0015981480244511325
0.0011310484021770913
0.004547427706522497
0.04522892575356094
0.013168586803684872
0.04522892575356094
0.04522892575356094
0.00047061481597854206
0.012576225070770877
0.01959320768373373
0.022779130255779
0.018792362997824295
0.03322374838741347
0.04522892575356094
0.04522892575356094
0.04522892575356094
0.0038466180986656668
0.04522892575356094
0.04522892575356094
0.04522892575356094
0.0002319566998856805
0.005304954029300807
0.0013177316700121364
0.04522892575356094
0.04522892575356094
0.03545942762353691
0.0111650288747908
0.002091998430059136
0.013591864567935994
0.019267534730823526
0.013667490381782341
0.0012807258806566972
0.01256370766184831
0.04522892575356094
0.04522892575356094
0.003728879668897396
0.04522892575356094
0.0009613198746874445
0.00010507894958719747
0.04522892575356094
0.21559759434873235
0.004213133849071667
0.04522892575356094
0.004298167553852059
0.04522892575356094
0.04522892575356094
0.04522892575356094
0.04522892575356094
0.018805348616560958
0.04522892575356094
0.0005024135604536876
0.04522892575356094
0.0078118287659150396
0.0029594706803912265
0.0006206046565731322
0.0111650288747908
0.01485997334149883
0.012828653429970025
0.04522892575356094
0.0024752931026182385
0.04522892575356094
0.03698331541911094
0.04522892575356094
0.0039029842322447074
0.04522892575356094
0.015071734596905424
0.013553008692945756
0.04522892575356094
0.04522892575356094
0.04522892575356094
0.0038822750741122295
0.014821393140353068
0.0016949655307330965
0.04522892575356094
0.007144334531386017
0.04522892575356094
0.0045846246908580095
0.002743661239527445
0.005664008493654237
0.04522892575356094
0.04522892575356094
0.04522892575356094
0.01003108522870572
0.003809197999811131
0.04522892575356094
0.04522892575356094
0.04522892575356094
0.027122264596863486
0.0111650288747908
0.04522892575356094
0.037010676930945896
0.011050088327044174
0.011075007239055638
0.004623331773700742
0.04522892575356094
0.0004676844119204321
0.0012911879769230052
0.00022146016445250395
0.04522892575356094
0.04522892575356094
0.011082921011227948
0.04522892575356094
0.04522892575356094
0.002751268146463965
0.0015259316419036152
0.036982925440926386
0.0010614541280362423
0.04522892575356094
0.002006701023504683
0.016230833797312168
0.03706002075248992
0.007494332724436978
0.04522892575356094
0.0030372957811101264
0.027372847914654008
0.03640745482087876
0.04522892575356094
0.04522892575356094
0.013108171355672792
0.009394176268289266
0.03706002075248992
0.01485997334149883
0.04522892575356094
0.04522892575356094
0.04522892575356094
0.04522892575356094
0.0008585683749563753
0.04522892575356094
0.001385283687724787
0.0069458155216731545
0.04522892575356094
0.03688999106455316
0.04522892575356094
0.04522892575356094
0.002443040196922389
0.0017848935032340253
0.04522892575356094
0.00466894970134234
0.04522892575356094
0.010462387166575089
0.04522892575356094
0.04522892575356094
0.04522892575356094
0.04522892575356094
0.004034578750533318
0.04522892575356094
0.04522892575356094
0.04522892575356094
0.04522892575356094
0.002790254852425383
0.02724160467374303
0.04522892575356094
0.04522892575356094
0.04522892575356094
0.027322508499584255
0.27219441369522257
0.04522892575356094
0.01418537420042537
0.04522892575356094
0.04522892575356094
0.03322374838741347
0.04522892575356094
0.0111650288747908
0.04522892575356094
0.03545942762353691
0.04522892575356094
0.010691945200247643
0.04522892575356094
0.04522892575356094
0.008627620029250913
0.012277225383842747
0.04522892575356094
0.020079050622537373
0.04522892575356094
0.04522892575356094
0.0005940143660356081
0.04522892575356094
0.03022999341349582
0.57985692116152
0.04522892575356094
0.04522892575356094
0.010462387166575089
0.0024496990323000056
0.0002085624491358752
0.04522892575356094
0.015127669569899548
0.0021626857106695294
0.04522892575356094
0.004027950729562598
0.002100237988444251
0.04522892575356094
0.0011218040590144814
0.013391564129458888
0.04522892575356094
0.0003882915413754699
0.03772357764988741
0.04522892575356094
0.003571960405481275
0.04522892575356094
0.01696208535451986
0.04522892575356094
0.04522892575356094
0.04522892575356094
0.00024336458837039086
0.0004434890267962957
0.0011552785560301323
0.010467080678948935
0.0013213668560977424
0.002704650691336165
0.0026376792557427824
0.03022999341349582
0.011082921011227948
0.04522892575356094
0.04522892575356094
0.0038517097989366634
0.011050088327044174
0.03700710653610974
0.0111650288747908
0.0006133141334627357
0.04522892575356094
0.0060549204606974525
0.009753461401633372
0.00039272625689200716
0.013132759645744006
0.007353435165885456
0.0013369754629451104
0.04522892575356094
0.0236201320678891
0.0005881477746620757
0.011096087464770026
0.04522892575356094
0.011560728185388381
0.009215804720740394
0.04522892575356094
0.04522892575356094
0.001684437806160125
0.04522892575356094
0.04522892575356094
0.04522892575356094
0.04522892575356094
0.04522892575356094
0.04522892575356094
0.04522892575356094
0.0012452675325459203
0.024619099880394724
0.04522892575356094
0.04522892575356094
0.04522892575356094
0.010462387166575089
0.0048696012368958244
0.04522892575356094
0.04522892575356094
0.04522892575356094
0.0006769695907088638
0.04073953507268307
0.04522892575356094
0.04522892575356094
0.0183666582919901
0.0023074436779118397
0.008380538032816952
0.0017865582319617282
0.018731975247506465
0.011376726344193807
0.0031863046772335336
0.010238345425481132
0.004611855332501972
0.007196716279466276
0.008923716770356568
0.0011608751809088207
0.019020975896131914
0.009918023006488289
0.01485997334149883
0.0002623774781963074
0.04522892575356094
0.0025246909320584773
0.0006425418796869671
0.04522892575356094
0.04522892575356094
0.04522892575356094
0.013181506306400581
0.04522892575356094
0.0032208758509058915
0.04522892575356094
0.0003111221906113727
0.04522892575356094
0.0035824525435953236
0.016497525377583165
0.04522892575356094
0.0005120181631276796
0.0327241852991681
0.0005473089974627871
0.0005398566287023019
0.031907343611575316
0.00031766814836803445
0.008090855472786127
0.0005535573703957657
0.003309151729937098
0.0327241852991681
0.006025837189457754
0.03332118806782929
0.04522892575356094
0.04522892575356094
0.04522892575356094
0.04522892575356094
0.0014773826513040111
0.04522892575356094
0.010462387166575089
0.001920091384731667
0.011096087464770026
0.04522892575356094
0.01795174564200454
0.04522892575356094
0.04522892575356094
0.04522892575356094
0.9736924791165467
0.00030075175640388206
0.016892339449267654
0.04522892575356094
0.001958270309937381
0.0064565754555980055
0.004867329334584379
0.001718574007029927
0.00022390608531093383
0.04522892575356094
0.04522892575356094
0.011050088327044174
0.04522892575356094
0.00027228807380959947
0.04522892575356094
0.04522892575356094
0.03431182415398743
0.006727100390684173
0.0024560974014701756
0.04522892575356094
0.00028980208095336915
0.0011820827358759646
0.005106427093758143
0.0014307990294697241
0.007594810173447477
0.0003551129347943127
0.04522892575356094
0.0026504985237373836
0.040982193573390654
0.04522892575356094
0.04522892575356094
0.04522892575356094
0.0019411607210327363
0.27219441369522257
0.04522892575356094
0.04522892575356094
0.011050088327044174
0.0023753427760558046
0.0014522933099397933
0.04522892575356094
0.040982193573390654
0.000432740565298074
0.004910084729024476
0.04522892575356094
0.04522892575356094
0.04522892575356094
0.0005737261497961711
0.0018051766946370752
0.0023693681979984867
0.04522892575356094
0.0005067414519098534
0.04522892575356094
0.04522892575356094
0.04522892575356094
0.0005139638313942016
0.04522892575356094
0.04522892575356094
0.0003317330446040949
0.04522892575356094
0.0021090310138231656
0.00185212489015668
0.04522892575356094
0.04522892575356094
0.009433260456276816
0.04522892575356094
0.0012638460074716352
0.04522892575356094
0.01485997334149883
0.04522892575356094
0.04522892575356094
0.04522892575356094
0.04522892575356094
0.04522892575356094
0.00018259111595814412
0.021687077866218266
0.04522892575356094
0.015504427642902992
0.04522892575356094
0.0030141032084088433
0.000868180114830846
0.04522892575356094
0.21559759434873235
0.03353145244168098
0.27219441369522257
0.004871302533971314
0.0004934193067653182
0.022813337771815052
0.0010334281330506283
0.0111650288747908
0.04522892575356094
0.04522892575356094
0.010467080678948935
0.012234144678598078
0.04522892575356094
0.0111650288747908
0.04522892575356094
0.004439840488356758
0.04522892575356094
0.04522892575356094
0.000705131395732086
0.00015348298889242723
0.0013491181580117541
0.04522892575356094
0.004762574562721125
0.001984441987708975
0.001796287814224619
0.27219441369522257
0.04522892575356094
0.010462387166575089
0.04522892575356094
0.018078217332713954
0.001483271606707041
0.04522892575356094
0.010462387166575089
0.04522892575356094
0.00023563956353819422
0.0035338790980611475
0.0030158735634608037
0.0005877611640996271
0.04522892575356094
0.006687771770098947
0.002687933405020094
0.011050088327044174
0.04522892575356094
0.004494701865507881
0.0007006724176426482
0.04522892575356094
0.0067722452907484154
0.0025246909320584773
0.0007137899237818482
0.002940104448991493
0.00140198684204838
0.007620875667641973
0.27219441369522257
0.04522892575356094
0.004022245364056802
0.003092872359981687
0.019714814481038883
0.001755714982355738
0.04522892575356094
0.04522892575356094
0.04522892575356094
0.005283469291325942
0.04522892575356094
0.016230833797312168
0.04522892575356094
0.0009077233967518849
0.0327241852991681
0.04522892575356094
0.04522892575356094
0.01489317769150708
0.04522892575356094
0.00035235467807443285
0.004215964524088667
0.011050088327044174
0.04522892575356094
0.011050088327044174
0.04522892575356094
0.04522892575356094
0.0006313327656927597
0.04522892575356094
0.007952741970689778
0.003609906291465933
0.04522892575356094
0.0020976981395508447
0.04522892575356094
0.04522892575356094
0.011082921011227948
0.04522892575356094
0.04522892575356094
0.035424779278529835
0.04522892575356094
0.04522892575356094
0.003609906291465933
0.03698276637009513
0.04522892575356094
0.04522892575356094
0.010021307388276708
0.0013771916358895646
0.04522892575356094
0.002875643255523776
0.04522892575356094
0.04522892575356094
0.8457436630093829
0.011082921011227948
0.0020444579319333273
0.04522892575356094
0.04522892575356094
0.00043685662203395555
0.006224464354414488
0.0037727485756771737
0.0022673267872928594
0.04522892575356094
0.04522892575356094
0.04522892575356094
0.04522892575356094
0.0008213583322980353
0.002202406375178601
0.0024027015057672485
0.01489317769150708
0.8980244972717853
0.04522892575356094
0.011834328784469576
0.27219441369522257
0.04522892575356094
0.010107822985485626
0.005332485874450735
0.00046105812401171044
0.006046589327145493
0.0019297612434928703
0.002554711722403119
0.0012829797627009996
0.04522892575356094
0.0332478893109149
0.027405865752495984
0.003091462387388864
0.007779024708184866
0.04522892575356094
0.005867278710965281
0.005314120065532041
0.04522892575356094
0.011334145105599078
0.04522892575356094
0.04522892575356094
0.04522892575356094
0.04522892575356094
0.04522892575356094
0.04522892575356094
0.0005674674173193276
0.02840667790223144
0.013045324169658156
0.01995384412288753
0.004928069494490794
0.11884644003946523
0.0060907610983157974
0.02115511343799156
0.012008377525868365
0.012296688198475647
0.012027122106912749
0.04522892575356094
0.04522892575356094
0.0003582076150845818
0.04522892575356094
0.04522892575356094
0.0004335736752951381
0.0004956421405676099
0.011578462820803336
0.04522892575356094
0.04522892575356094
0.0038141139028557394
0.002296885126060164
0.007289984011747908
0.04522892575356094
0.04522892575356094
0.00547801482374426
0.04522892575356094
0.0111650288747908
0.0012549632874026906
0.04522892575356094
0.0007131590307974096
0.04522892575356094
0.0004125030092130608
0.0022653189783009868
0.03857356145872229
0.04522892575356094
0.04522892575356094
0.0010262698853990265
0.0006580453938575082
0.005450406570121028
0.04522892575356094
0.04522892575356094
0.04522892575356094
0.0009346528966048235
0.04522892575356094
0.04522892575356094
0.04522892575356094
0.04522892575356094
0.013398989525302657
0.000290786279910367
0.04522892575356094
0.04522892575356094
0.04522892575356094
0.0056167814501380505
0.04522892575356094
0.022813337771815052
0.04522892575356094
0.04522892575356094
0.04522892575356094
0.04522892575356094
0.04522892575356094
0.04522892575356094
0.00041564640494938987
0.01489317769150708
0.04522892575356094
0.004158650864533647
0.02468682606368957
0.01485997334149883
0.0010068660681715833
0.04522892575356094
0.04522892575356094
0.001072537768140832
0.0005083463163658368
0.0014731257721861115
0.04522892575356094
0.011082921011227948
0.04522892575356094
0.005313029159003509
0.04522892575356094
0.0024887859452356535
0.04522892575356094
0.04522892575356094
0.003948665408125189
0.04522892575356094
0.008170542660116796
0.27219441369522257
0.04522892575356094
0.0017501154612205108
0.04522892575356094
0.0033482238056530434
0.04522892575356094
0.04522892575356094
0.0111650288747908
0.27219441369522257
0.04522892575356094
0.008661547277294589
0.03332118806782929
0.04522892575356094
0.030966110316826955
0.04522892575356094
0.0047416535610295745
0.04522892575356094
0.04522892575356094
0.04522892575356094
0.0019764096545217278
0.0012783733684975415
0.03698656597791095
0.002646930687636145
0.002250239547696127
0.04522892575356094
0.004147609630936749
0.04522892575356094
0.04522892575356094
0.04522892575356094
0.008367241987211662
0.8552965845733725
0.04522892575356094
0.04522892575356094
0.004661294944585404
0.0040462848605504805
0.04522892575356094
0.04522892575356094
0.014915062132047881
0.0016610535477069978
0.04522892575356094
0.006140637295614377
0.0111650288747908
0.0011774182999817388
0.006386700364231949
0.001012265795855296
0.04522892575356094
0.04522892575356094
0.02220018358506855
0.04522892575356094
0.04522892575356094
0.0006990473209766384
0.04522892575356094
0.04522892575356094
0.04522892575356094
0.01485997334149883
0.002465364214578351
0.04522892575356094
0.04522892575356094
0.04522892575356094
0.0111650288747908
0.0007129515071704595
0.03545942762353691
0.01087096382271957
0.04522892575356094
0.001241401887084526
0.010021307388276708
0.04522892575356094
0.04522892575356094
0.04522892575356094
0.04522892575356094
0.04522892575356094
0.04522892575356094
0.0010557469024700407
0.03545942762353691
0.04522892575356094
0.010021307388276708
0.04522892575356094
0.0011444039805281676
0.003992775790064044
0.04522892575356094
0.016230833797312168
0.04522892575356094
0.0111650288747908
0.04522892575356094
0.015905219208906862
0.04522892575356094
0.04522892575356094
0.04522892575356094
0.04522892575356094
0.04522892575356094
0.04522892575356094
0.011089626683573436
0.0009255469399500855
0.04522892575356094
0.04522892575356094
0.0111650288747908
0.0327241852991681
0.8731027280098961
0.04522892575356094
0.0003888137631081767
0.04522892575356094
0.0011371798386559297
0.002193213412173609
0.04522892575356094
0.04522892575356094
0.0111650288747908
0.04522892575356094
0.032037063935552154
0.018792362997824295
0.0327241852991681
0.00607179069212454
0.011089626683573436
0.04522892575356094
0.004521271278739872
0.0005174344956696649
0.01485997334149883
0.04522892575356094
0.0016983189532538915
0.04522892575356094
0.04522892575356094
0.0111650288747908
0.04522892575356094
0.004160528359280389
0.0004994275388341655
0.009056101569999952
0.01489317769150708
0.011050088327044174
0.007949704061121821
0.0027145676760891298
0.04522892575356094
0.04522892575356094
0.020749815665020623
0.04522892575356094
0.0012536386622629793
0.04522892575356094
0.002175154167324461
0.04522892575356094
0.04522892575356094
0.04522892575356094
0.04522892575356094
0.04522892575356094
0.011079419879597338
0.04522892575356094
0.011082921011227948
0.01485997334149883
0.005332485874450735
0.040982193573390654
0.001047453086990997
0.029071594464529876
0.04522892575356094
0.010566144066096675
0.04522892575356094
0.04522892575356094
0.015513460047744957
0.0010798636425956645
0.000170482807405536
0.00022463308546400462
0.0021544620638848594
0.004589311137292199
0.0012791456891901283
0.04522892575356094
0.0040164469068331345
0.0038039798333998867
0.007931580423643916
0.04522892575356094
0.04522892575356094
0.016153038366200367
0.04522892575356094
0.003369893367185456
0.00113710178917834
0.04522892575356094
0.04522892575356094
0.0111650288747908
0.011564309577562996
0.04522892575356094
0.0027383587971058694
0.04522892575356094
0.00606040992814546
0.014571511805033488
0.0069458155216731545
0.04522892575356094
0.27219441369522257
0.04522892575356094
0.00536274793337664
0.0033242575106049283
0.04522892575356094
0.0006012770967702156
0.04522892575356094
0.04522892575356094
0.0007960364900738541
0.04522892575356094
0.00027676588449860505
0.04522892575356094
0.04522892575356094
0.002580307826858704
0.04522892575356094
0.013300218946014747
0.0016333140193713928
0.27219441369522257
0.04522892575356094
0.04522892575356094
0.005310782529685625
0.0011707434711727715
0.000380856744139752
0.04522892575356094
0.04522892575356094
0.0014588622831802904
0.0005103663316025665
0.0009000987357311431
0.0039870667170349245
0.0111650288747908
0.00761177111739296
0.04522892575356094
0.012886718679385921
0.011082921011227948
0.04522892575356094
0.04522892575356094
0.04522892575356094
0.04522892575356094
0.04522892575356094
0.04522892575356094
0.0111650288747908
0.04522892575356094
0.01380676371077887
0.0019362461406552008
0.011999710512820404
0.005250840273584699
0.026881328047259775
0.21559759434873235
0.011050088327044174
0.005864711941802633
0.4294811970110977
0.0009336323591787303
0.04522892575356094
0.04522892575356094
0.8148586405964295
0.04522892575356094
0.04522892575356094
0.04522892575356094
0.04522892575356094
0.04522892575356094
0.04522892575356094
