0.029594901580572465
0.029594901580572465
0.029594901580572465
0.025439736579738182
0.029594901580572465
0.0434893981825736
0.13364440758584542
0.13125646351282633
0.033724756543566554
0.02812974430980322
0.029594901580572465
0.029594901580572465
0.029594901580572465
0.10062526849741685
0.029594901580572465
0.029594901580572465
0.02238864232162056
0.02625411985742293
0.029594901580572465
0.029594901580572465
0.029594901580572465
0.07927675528571042
0.03523287173159589
0.04142149371824874
0.029594901580572465
0.029594901580572465
0.02561939608978614
0.029594901580572465
0.08989867048775685
0.16298539533535136
0.03354899503430661
0.029594901580572465
0.041123155695855944
0.1007153633039306
0.029594901580572465
0.029594901580572465
0.029594901580572465
0.01576643450270245
0.029594901580572465
0.029594901580572465
0.04780407942474443
0.029594901580572465
0.029594901580572465
0.08331583090226165
0.07000746172565837
0.02548494122083786
0.029594901580572465
0.03809290353915628
0.029594901580572465
0.029594901580572465
0.029594901580572465
0.029594901580572465
0.029594901580572465
0.029594901580572465
0.029594901580572465
0.029594901580572465
0.029594901580572465
0.029594901580572465
0.029594901580572465
0.029594901580572465
0.029594901580572465
0.029594901580572465
0.029594901580572465
0.029594901580572465
0.029594901580572465
0.029594901580572465
0.029594901580572465
0.035240510855420765
0.22696230561910577
0.031122524828063512
0.017774145362998196
0.029594901580572465
0.024676040929723066
0.029594901580572465
0.029594901580572465
0.029594901580572465
0.10712125088559526
0.029594901580572465
0.031685821514978486
0.029594901580572465
0.029594901580572465
0.029594901580572465
0.029594901580572465
0.04614997918700366
0.06449120585059981
0.04741543877595349
0.044814643429313544
0.024253941246161526
0.03365011485910238
0.09950214994099214
0.026086947622506327
0.0424272406351807
0.029594901580572465
0.029594901580572465
0.018250173072090196
0.029594901580572465
0.029594901580572465
0.029594901580572465
0.029594901580572465
0.03266824898548824
0.016862943109265578
0.010317805577431031
0.021773735861518026
0.029594901580572465
0.029594901580572465
0.02753474905429501
0.029594901580572465
0.029594901580572465
0.029594901580572465
0.028628248759344655
0.029594901580572465
0.029594901580572465
0.018776528392154993
0.029594901580572465
0.029594901580572465
0.029594901580572465
0.029594901580572465
0.0362060925837291
0.029594901580572465
0.029594901580572465
0.029594901580572465
0.02467848423162484
0.029594901580572465
0.029594901580572465
0.02254466738609549
0.029594901580572465
0.029594901580572465
0.029594901580572465
0.029682865499543035
0.029594901580572465
0.0313623456024854
0.029594901580572465
0.029594901580572465
0.036274111426025726
0.029594901580572465
0.0166624751046949
0.029594901580572465
0.029594901580572465
0.029594901580572465
0.029594901580572465
0.029594901580572465
0.036080593554727196
0.06585314469332273
0.04925545144641119
0.025459264308028064
0.025459264308028064
0.029594901580572465
0.029594901580572465
0.029594901580572465
0.029594901580572465
0.029594901580572465
0.05991717552555359
0.04185201939008509
0.07857014627604736
0.032382746674789215
0.02046139956700326
0.021615459439969745
0.056000166168773194
0.029594901580572465
0.036274111426025726
0.029594901580572465
0.029594901580572465
0.03529611008811281
0.026301646431926586
0.029594901580572465
0.029594901580572465
0.029560858298867877
0.03326296705700695
0.05064122619808815
0.029594901580572465
0.02753061640503317
0.029594901580572465
0.029594901580572465
0.029594901580572465
0.029594901580572465
0.029594901580572465
0.0636173346938056
0.029594901580572465
0.029594901580572465
0.03975275449018549
0.049911595659366884
0.029594901580572465
0.02817533631504628
0.024676040929723066
0.029594901580572465
0.095174286365189
0.029594901580572465
0.029594901580572465
0.07800943455163217
0.20032831741659288
0.029594901580572465
0.03932567228301614
0.047851902020614547
0.029594901580572465
0.029594901580572465
0.022445650455942115
0.030825360810907754
0.024676040929723066
0.029594901580572465
0.11456043941070264
0.07037573884579174
0.029137824327931335
0.03873547232143317
0.06426027446125213
0.04082214181567878
0.06169401527789413
0.05262685694700483
0.01681568916187905
0.02824048410047978
0.03227224086729319
0.08165430225413288
0.03603454494201551
0.029594901580572465
0.02728551746135718
0.032993312427301004
0.07276729305920283
0.029594901580572465
0.046518219011120035
0.022785306860364955
0.029594901580572465
0.02577551989118855
0.029594901580572465
0.07349777067225673
0.029594901580572465
0.025459264308028064
0.0166624751046949
0.014496190849862376
0.029594901580572465
0.029167207143531687
0.07552817344964029
0.025986427291492593
0.029594901580572465
0.029594901580572465
0.02098319785448526
0.043978900282045603
0.029594901580572465
0.029594901580572465
0.029594901580572465
0.029594901580572465
0.023618150614457052
0.029594901580572465
0.029594901580572465
0.029594901580572465
0.029594901580572465
0.029594901580572465
0.029594901580572465
0.029594901580572465
0.029594901580572465
0.029594901580572465
0.029594901580572465
0.029594901580572465
0.029594901580572465
0.029594901580572465
0.029594901580572465
0.029594901580572465
0.10011504682370394
0.051195666111541534
0.02527971792809301
0.0837039380564676
0.029594901580572465
0.09535105262380739
0.029594901580572465
0.15329425988200376
0.05495357939742104
0.029594901580572465
0.038770414799507
0.029594901580572465
0.029594901580572465
0.029594901580572465
0.029594901580572465
0.029602548126382244
0.027075769750440383
0.029594901580572465
0.0706995883901841
0.11584019173732428
0.029594901580572465
0.029594901580572465
0.029594901580572465
0.021819879424317696
0.029594901580572465
0.022679154793897986
0.029594901580572465
0.044760165974580816
0.03850327999235751
0.11025200230106193
0.029594901580572465
0.05177387558714033
0.029594901580572465
0.1061777413356088
0.059195735744475834
0.2502023502746258
0.0314327293551705
0.019606122103473116
0.029594901580572465
0.05176508741386072
0.11859363252557402
0.024688186821382692
0.05324827775657821
0.029594901580572465
0.029594901580572465
0.061653063752883874
0.029594901580572465
0.08095610160010051
0.029594901580572465
0.028701339707814816
0.029594901580572465
0.029594901580572465
0.029594901580572465
0.029594901580572465
0.03215132596966591
0.029594901580572465
0.020399286042801067
0.023765485368141083
0.029594901580572465
0.05084284158474592
0.3013138264733965
0.061212242292780446
0.06394757130563367
0.047597637782994286
0.03620707942749826
0.029594901580572465
0.029594901580572465
0.029594901580572465
0.11731723898481458
0.029594901580572465
0.029594901580572465
0.5
0.03552339393043064
0.02523112866819587
0.029594901580572465
0.029594901580572465
0.05074170149068363
0.031771385349333374
0.13561923344232624
0.029594901580572465
0.023196958897263722
0.025507474566278332
0.02797455916201904
0.029594901580572465
0.029594901580572465
0.038741352350189336
0.029594901580572465
0.029594901580572465
0.3710663741251828
0.05720181646752119
0.029594901580572465
0.029594901580572465
0.05507995705520912
0.2923484845487061
0.16411953267037635
0.029594901580572465
0.029594901580572465
0.029594901580572465
0.02046139956700326
0.029594901580572465
0.029594901580572465
0.04526154973179221
0.04438053206353412
0.01973313383149155
0.03657232885514857
0.029594901580572465
0.029594901580572465
0.023912942822913955
0.024644442089254464
0.2302293604444197
0.028151971776866406
0.02211193408908074
0.033522170949399556
0.01973313383149155
0.029560858298867877
0.23967568352560423
0.03214078308610842
0.024430300360405326
0.0585826799789508
0.1393865295629245
0.023306911827512444
0.025605135650621672
0.029594901580572465
0.3829093980052651
0.02712158630494938
0.02288543326312107
0.20497699187222235
0.03625686205745802
0.029594901580572465
0.04276517475578909
0.025026931314412776
0.1237437129262261
0.032915325178121284
0.029594901580572465
0.027931492901725277
0.06845134880690755
0.02692635422451951
0.09165650073071596
0.09337262291652931
0.04818849795286683
0.029594901580572465
0.021083993931942865
0.16318487599654052
0.03274666336929962
0.029594901580572465
0.01824255285882625
0.09466440001404464
0.05377669372824596
0.029594901580572465
0.016952512639661455
0.0417901441179112
0.029594901580572465
0.03312746383922049
0.033528724218005075
0.02312035141823173
0.050122125983461274
0.03811326285232032
0.18725785211404877
0.04438053206353412
0.026565270345735078
0.01431755824899116
0.029594901580572465
0.02107897570177902
0.024676040929723066
0.05971428375296973
0.06971929618228573
0.029594901580572465
0.036604444564581985
0.025917425556029338
0.029594901580572465
0.029594901580572465
0.08540825975786173
0.024957935553778128
0.029594901580572465
0.01524320735627947
0.029594901580572465
0.029594901580572465
0.1447415352387666
0.029594901580572465
0.029594901580572465
0.016829561061288998
0.03133115210034432
0.029594901580572465
0.029594901580572465
0.029594901580572465
0.030943609099093317
0.02778074410490635
0.029594901580572465
0.025730912472207483
0.03518314838032022
0.029594901580572465
0.0415777935716011
0.12973345513567178
0.029594901580572465
0.029594901580572465
0.03830953974332048
0.02958805782373603
0.20429364620711982
0.029594901580572465
0.029594901580572465
0.030647397999397214
0.028213039367132257
0.029594901580572465
0.036274111426025955
0.029594901580572465
0.029594901580572465
0.03590419800327228
0.036274111426026434
0.029594901580572465
0.09856203910962132
0.029594901580572465
0.029594901580572465
0.029560858298867877
0.029594901580572465
0.045715615587366934
0.02817946662442756
0.031730850213520595
0.029594901580572465
0.029509896675050523
0.07341165882827567
0.04543449926076821
0.015705045574538664
0.05207046842535541
0.030557121125953803
0.033828639910702556
0.04713647101663525
0.02958805782373603
0.029594901580572465
0.029594901580572465
0.03774810929240107
0.029594901580572465
0.02211063386486846
0.03210170212632111
0.03247409792529132
0.020927616727345187
0.01695735855853821
0.029594901580572465
0.10584159526928129
0.07703150657670621
0.029594901580572465
0.029594901580572465
0.0539430851968176
0.029594901580572465
0.04115799085890597
0.029594901580572465
0.029594901580572465
0.029594901580572465
0.022198932587500976
0.029594901580572465
0.029594901580572465
0.04154348991378984
0.038975739237388375
0.024676040929723066
0.1114640377071685
0.029594901580572465
0.09378495698510157
0.029594901580572465
0.029594901580572465
0.029594901580572465
0.03952681020040117
0.024676040929723066
0.024676040929723066
0.029594901580572465
0.029594901580572465
0.027229041664972548
0.1001959097855783
0.13164137556859892
0.029594901580572465
0.03600446905760822
0.029594901580572465
0.029594901580572465
0.029594901580572465
0.029594901580572465
0.057572478496419964
0.044631416392556966
0.024676040929723066
0.022029141978160898
0.04405834395998573
0.025152514459176475
0.018774065422344614
0.06104347831477621
0.029594901580572465
0.029594901580572465
0.016490229450994518
0.027091410002962005
0.015881173096748996
0.03936134327918094
0.11107647555591012
0.029594901580572465
0.06449236719101058
0.036775993977965216
0.029594901580572465
0.017077553979889495
0.05599142307916319
0.029594901580572465
0.01588499422169834
0.029594901580572465
0.029594901580572465
0.019430320848671218
0.01990343480762491
0.029594901580572465
0.030827810199327198
0.03435673873451443
0.07023356886410853
0.037993551134749295
0.03672735774485604
0.11815060652032688
0.05947622049889888
0.035999471841694546
0.028416075878800053
0.029594901580572465
0.037150814748360836
0.03716790469263109
0.0337413864188693
0.029594901580572465
0.05827354378061738
0.08718558549360472
0.026129844499747253
0.03528625470345511
0.029597685515780393
0.025892675502207547
0.07077803009277786
0.029594901580572465
0.061767088117399255
0.029679872522449406
0.05528609442577066
0.029594901580572465
0.029594901580572465
0.15454311628778844
0.029594901580572465
0.029594901580572465
0.035000671689887124
0.029594901580572465
0.022467798788550514
0.029275865236880496
0.029594901580572465
0.029594901580572465
0.01068877135230707
0.026920754179281116
0.029594901580572465
0.15857683467142036
0.14439260670941692
0.0365204079524657
0.0319589912712726
0.029594901580572465
0.02142391997306338
0.02268449584551681
0.04076445341719904
0.029594901580572465
0.04319594580121875
0.048163426523446906
0.05151237583945148
0.021249412011830473
0.05604134259646533
0.01973313383149155
0.02964436852716675
0.029594901580572465
0.029594901580572465
0.0248224051606967
0.025693932655006944
0.042843468676832384
0.031503264058154276
0.029594901580572465
0.029594901580572465
0.02200868313685397
0.029594901580572465
0.06593434176958204
0.029594901580572465
0.055879266455183305
0.026153353331020576
0.020002612688068664
0.06120012988985213
0.04118648441561845
0.055208529680812406
0.050088497258459326
0.029594901580572465
0.029594901580572465
0.13612227333487037
0.036100837161825966
0.029594901580572465
0.029594901580572465
0.029594901580572465
0.020589191215940376
0.0305650243828537
0.029594901580572465
0.029594901580572465
0.029594901580572465
0.032770905072275966
0.029594901580572465
0.04170647996367973
0.026853753358780225
0.03336952624975078
0.0675174372504655
0.056485965611687575
0.033444644473200544
0.031629147961678046
0.1097037255351119
0.029594901580572465
0.04296822792282236
0.023653077445951243
0.029594901580572465
0.03518923909666537
0.060179305108820594
0.04789764707879995
0.029602548126382244
0.027039216737979654
0.02912971451060716
0.025594930893676204
0.029221292779118318
0.022942311758512714
0.029594901580572465
0.029594901580572465
0.029594901580572465
0.07627727948832921
0.13738967945830288
0.024898572386826443
0.024701581759530196
0.014713439722809491
0.024676040929723066
0.039039552461514325
0.029594901580572465
0.01896679683139783
0.02551849096366308
0.013751716273707167
0.030270076862989347
0.06101076704169921
0.04651217971681624
0.029560858298867877
0.0446119311497401
0.01991213674514161
0.03587533844985334
0.027944958799553263
0.029594901580572465
0.029560858298867877
0.029594901580572465
0.024676040929723066
0.06273541772445193
0.029594901580572465
0.03250753427476464
0.061424809457868094
0.09390879463624177
0.029594901580572465
0.077625202136388
0.03444664416683589
0.029594901580572465
0.05983101564002863
0.106083820956328
0.029594901580572465
0.02358622691595065
0.029594901580572465
0.02614445749875282
0.030220392539481025
0.029594901580572465
0.06226518638201701
0.08381931133819016
0.07611831980152149
0.03412318443460395
0.029594901580572465
0.04553639372024471
0.029594901580572465
0.029594901580572465
0.08591178443834742
0.029594901580572465
0.029594901580572465
0.029594901580572465
0.029594901580572465
0.029594901580572465
0.028974030054260778
0.03989667857505322
0.036127475302877375
0.029594901580572465
0.029594901580572465
0.03385664295948816
0.05074811334835978
0.029594901580572465
0.029594901580572465
0.029594901580572465
0.029594901580572465
0.027143944891318644
0.02528138255347675
0.02914476398967801
0.029594901580572465
0.05952205287870945
0.029594901580572465
0.048501489630794474
0.029594901580572465
0.027893154371499716
0.02170288882163114
0.029594901580572465
0.029594901580572465
0.029594901580572465
0.029594901580572465
0.03640183372979472
0.029594901580572465
0.04248398128715781
0.026701653558830564
0.029594901580572465
0.03145275747193609
0.029303838743564282
0.029594901580572465
0.029594901580572465
0.029594901580572465
0.029594901580572465
0.029594901580572465
0.02327206384150899
0.10422081038302318
0.026126792755502695
0.034811964416031474
0.029594901580572465
0.029594901580572465
0.029594901580572465
0.03295431220424221
0.029594901580572465
0.029594901580572465
0.029594901580572465
0.02177139703650694
0.03633639624567383
0.05994141812789301
0.02958805782373603
0.02514589398463035
0.09204168540296767
0.05509562712658054
0.09339502280794541
0.024676040929723066
0.03009483722521913
0.029594901580572465
0.03650921313449379
0.029594901580572465
0.04107958305103522
0.05854279206278748
0.06627500430234769
0.03426320538526272
0.05141285345035622
0.062461197922598834
0.0660331255600324
0.06780305399680732
0.029594901580572465
0.024676040929723066
0.06300106121933746
0.030008973399158177
0.029594901580572465
0.05985810387886444
0.029594901580572465
0.028194209305454507
0.08588021951068527
0.0348981439212363
0.029594901580572465
0.015881173096748996
0.029594901580572465
0.029594901580572465
0.029594901580572465
0.027827398223007137
0.029594901580572465
0.04773697822581619
0.03139823823485342
0.018686747752362287
0.09521820523569574
0.029594901580572465
0.01681568916187905
0.029594901580572465
0.019808614733709057
0.03445936514293293
0.029594901580572465
0.029594901580572465
0.041593695547180835
0.029594901580572465
0.030035996826594313
0.2009425736555402
0.06665235942334158
0.18833823404122102
0.019632051351216543
0.0731728080950394
0.029594901580572465
0.032976216286497904
0.036424116078811256
0.048982204497942904
0.018383630591311446
0.029594901580572465
0.07227463048567964
0.029594901580572465
0.029594901580572465
0.024914009454870524
0.04153993580603234
0.02944910148847233
0.03221984363296887
0.024249504713498585
0.037229442589309436
0.029594901580572465
0.029594901580572465
0.029594901580572465
0.015150037323414585
0.029594901580572465
0.029594901580572465
0.029594901580572465
0.034153561135811396
0.14498547825541988
0.11125370658578868
0.029594901580572465
0.03921800187932145
0.03630660964907708
0.029560858298867877
0.04106840210463682
0.08105721822833005
0.1050931463087258
0.021450286576728914
0.03581511832990888
0.025506083180962928
0.029594901580572465
0.029594901580572465
0.04094002571711976
0.029594901580572465
0.045043968220360345
0.03402425413350369
0.029594901580572465
0.029602548126382244
0.059621455020991004
0.029594901580572465
0.17578259009529174
0.029594901580572465
0.029594901580572465
0.029594901580572465
0.029594901580572465
0.023046874011026463
0.029594901580572465
0.047915940174112194
0.029594901580572465
0.0454136804279549
0.0658431752692224
0.11324066383282558
0.029413890979163963
0.015881173096748996
0.06638158005542301
0.029594901580572465
0.027659722749202434
0.029594901580572465
0.03128549232898954
0.029594901580572465
0.0306921600377523
0.029594901580572465
0.02958805782373603
0.03246539117837055
0.029594901580572465
0.029594901580572465
0.029594901580572465
0.04268774273471644
0.03127775841322856
0.04790215041738286
0.029594901580572465
0.022972322863435243
0.029594901580572465
0.06132307932033454
0.0449423936040342
0.13854072350159147
0.029594901580572465
0.029594901580572465
0.029594901580572465
0.062050469558256105
0.08197310002732759
0.029594901580572465
0.029594901580572465
0.029594901580572465
0.029961529128917953
0.030362317098979588
0.029594901580572465
0.032380182083749
0.03753912028125792
0.0668998464680524
0.042981147977694305
0.029594901580572465
0.10590991754394416
0.13235519301289447
0.0479153050604886
0.029594901580572465
0.029594901580572465
0.01973313383149155
0.029594901580572465
0.035241327054060474
0.05955050151836833
0.03961833863621676
0.03832164173953337
0.10989504710343279
0.029594901580572465
0.0651201482263574
0.019432527253275985
0.22579364083132458
0.022198932587500976
0.029594901580572465
0.056682382183412754
0.03041824044442293
0.031019819997693508
0.029594901580572465
0.029594901580572465
0.01656076154540356
0.03510882744461275
0.15591774471773578
0.019414554890379816
0.029594901580572465
0.029594901580572465
0.029594901580572465
0.029594901580572465
0.02739636167641187
0.029594901580572465
0.04092130406201992
0.012872509332591124
0.029594901580572465
0.05092376167867545
0.029594901580572465
0.029594901580572465
0.029978521954557847
0.013434063525053901
0.029594901580572465
0.020553039742466663
0.029594901580572465
0.04788405251411588
0.029594901580572465
0.029594901580572465
0.029594901580572465
0.036274111426025726
0.036473381772332295
0.029594901580572465
0.029594901580572465
0.029594901580572465
0.032878710340640216
0.013959614283315026
0.07458813840824975
0.029594901580572465
0.03064212210516125
0.029594901580572465
0.03161671002018166
0.024676040929723066
0.029594901580572465
0.07441378891198958
0.030591981287066968
0.029594901580572465
0.03504500446065686
0.029594901580572465
0.029560858298867877
0.029594901580572465
0.02326277009653316
0.029594901580572465
0.07196017852465374
0.029594901580572465
0.029594901580572465
0.015595235340182742
0.02199973750087
0.029594901580572465
0.06087834154374051
0.029594901580572465
0.029594901580572465
0.01914761293805969
0.029594901580572465
0.03128209971144931
0.03906220458026025
0.029594901580572465
0.029594901580572465
0.02046139956700326
0.025102991682551375
0.11748409131207901
0.029594901580572465
0.03476719503153921
0.027633621956477155
0.029594901580572465
0.043122349248394344
0.024609494754073598
0.14457761164266728
0.023166604866140816
0.027538868316050676
0.029594901580572465
0.021959532213329053
0.04014917348626489
0.029594901580572465
0.09791915573365974
0.029594901580572465
0.0419126503201907
0.027759774964256717
0.029594901580572465
0.029594901580572465
0.0713758882042626
0.13044268102696385
0.01750319469202387
0.03367127957693579
0.03126490829467942
0.03468669737511469
0.06622254054294732
0.028182779846712084
0.01973313383149155
0.029594901580572465
0.035698765552822434
0.08779400907929723
0.04438053206353412
0.05195507547479973
0.029560858298867877
0.022657346295286745
0.029594901580572465
0.04545995785282619
0.04531186812902781
0.17620593582051294
0.12162848710485782
0.049818006465747196
0.05494387024739514
0.037617497922544554
0.026051631227464813
0.08984737770843643
0.18748096468138845
0.029594901580572465
0.0654960542682676
0.0397195081148406
0.029594901580572465
0.03531262093870225
0.04280792358816505
0.029594901580572465
0.029594901580572465
0.029594901580572465
0.029594901580572465
0.029594901580572465
0.029594901580572465
0.029594901580572465
0.07681501087976267
0.037709212572287855
0.029594901580572465
0.029594901580572465
0.029594901580572465
0.027035627972821493
0.06144963035194341
0.033668890446914325
0.029594901580572465
0.029594901580572465
0.08242608333246756
0.038056618292085086
0.03093216809961989
0.029594901580572465
0.025034712178782767
0.04137026440708205
0.09668579174761613
0.024257847717808183
0.05371712118318384
0.058942605664131544
0.04051634618516138
0.04597496657436076
0.062236464365633355
0.08862251925399256
0.05311943766550455
0.07120461949978049
0.044521133648051
0.029679872522449406
0.015881173096748996
0.034342457661810905
0.029594901580572465
0.0166624751046949
0.04404306800316307
0.040379240703863915
0.029594901580572465
0.029594901580572465
0.05156740793452941
0.02689386635343646
0.03849275563009356
0.029594901580572465
0.04385092494662402
0.029594901580572465
0.01809883058533457
0.026141996664422455
0.029594901580572465
0.04917602244357048
0.028272182840263005
0.0935139876760381
0.03985006179906558
0.022967222994359816
0.0534863389945849
0.06799443112129336
0.0840277707419322
0.1352077601737987
0.034280649885670714
0.013450996559046559
0.027669914142211025
0.03658611749407087
0.029594901580572465
0.029594901580572465
0.029594901580572465
0.08536184582332793
0.029594901580572465
0.027362885589880794
0.028497329386442775
0.03985443473376187
0.029594901580572465
0.028956844498284427
0.029594901580572465
0.029594901580572465
0.029594901580572465
0.039897482844072
0.015620790311925096
0.02289138580310673
0.029594901580572465
0.024557091722638664
0.031588866944650545
0.03052498180850637
0.028187538608547523
0.07423001096930448
0.029594901580572465
0.029594901580572465
0.031066311639543844
0.029594901580572465
0.09016650965269288
0.029594901580572465
0.029594901580572465
0.09840076424244569
0.03299692264904211
0.0331667181899625
0.029594901580572465
0.012551165451517212
0.04320802299743359
0.04590551273224045
0.029508831449667126
0.02578669400150067
0.036837112218232215
0.029594901580572465
0.03891924140312755
0.027550464978946927
0.029594901580572465
0.029594901580572465
0.03592616868753547
0.03960739430368126
0.024676040929723066
0.036274111426026205
0.029594901580572465
0.07535391157016248
0.02823548765568544
0.041651003253021485
0.029594901580572465
0.04927093549506609
0.07602661990080828
0.027115919720635286
0.029594901580572465
0.029594901580572465
0.029594901580572465
0.049449693058818626
0.041843396016487885
0.0697728206281475
0.03480517211170883
0.07445981852911135
0.029594901580572465
0.04574512532385082
0.03464952879957543
0.386170874554732
0.029594901580572465
0.029594901580572465
0.05095554867779161
0.029594901580572465
0.04678885201419472
0.019558378096434285
0.029594901580572465
0.036109016907797435
0.05805894972109635
0.029594901580572465
0.04127914764840871
0.029594901580572465
0.014354409397044576
0.029594901580572465
0.029594901580572465
0.03507975434435614
0.029594901580572465
0.029594901580572465
0.1688679473627185
0.040714934306762075
0.029594901580572465
0.02914763135844933
0.029594901580572465
0.01681568916187905
0.03163972284257821
0.029594901580572465
0.029602548126382244
0.06736994253011364
0.024676040929723066
0.03252739147402413
0.07098593257972623
0.021160865445117357
0.018002336629491675
0.03413974036741009
0.04177917379375068
0.029594901580572465
0.024535690139218823
0.043102117263450805
0.029594901580572465
0.029560858298867877
0.029594901580572465
0.0324677415672883
0.04347640458642137
0.029594901580572465
0.029888434484005022
0.06640633611622893
0.05526608818024795
0.029594901580572465
0.08517244080914538
0.023770778327882366
0.05826916954928488
0.024676040929723066
0.029594901580572465
0.02046139956700326
0.029594901580572465
0.019461105131051162
0.06812802758004481
0.029594901580572465
0.02522994192814235
0.029594901580572465
0.03909804655938011
0.06682488380559172
0.018687117286845436
0.10250686616267907
0.041612628665101896
0.0358514656729409
0.050329973589852105
0.04609585836109499
0.029594901580572465
0.04801802567669008
0.049173673425413976
0.03840702986103981
0.06630488262300556
0.0166624751046949
0.03129822959832934
0.055394966072321306
0.032851544288571066
0.039141611238097875
0.024676040929723066
0.029594901580572465
0.048648768789505976
0.05055767224075978
0.03247092745161953
0.10810588258340147
0.029594901580572465
0.029594901580572465
0.029594901580572465
0.021359463853991036
0.029594901580572465
0.02646278761461277
0.03776194284002903
0.06012745969183487
0.028600079463834083
0.029594901580572465
0.029594901580572465
0.04252073873275226
0.032174509431532
0.032964409723208396
0.025044803817290264
0.04438053206353412
0.029594901580572465
0.04438053206353412
0.029594901580572465
0.029594901580572465
0.14198135682623161
0.029594901580572465
0.021249978937956188
0.03157145429638259
0.029594901580572465
0.014329377181647271
0.029594901580572465
0.029594901580572465
0.01973313383149155
0.029594901580572465
0.029594901580572465
0.03595868054861953
0.029594901580572465
0.029594901580572465
0.03266824898548824
0.02954498675903756
0.029594901580572465
0.029594901580572465
0.021340883353326377
0.16994902468463466
0.029594901580572465
0.07490122441536261
0.029594901580572465
0.029594901580572465
0.033926476392572194
0.01973313383149155
0.023652002480226458
0.029594901580572465
0.029594901580572465
0.1776280371751701
0.042459786282747894
0.022516625663892374
0.037992636961596535
0.029594901580572465
0.029594901580572465
0.029594901580572465
0.029594901580572465
0.23909487122748332
0.0257927350913332
0.015586858448470632
0.04651217971681624
0.021273773919239
0.029594901580572465
0.06099913391472981
0.024676040929723066
0.028035918642924006
0.022538427324671026
0.023779211484313677
0.04409861878296817
0.05517679936828561
0.1092831830047321
0.057847861575855045
0.03259659819053907
0.03617588421728391
0.02237819631426047
0.033149128266824764
0.03266496435077305
0.060058038805497094
0.029594901580572465
0.056718961645961026
0.016964680190496545
0.029594901580572465
0.04256663910843483
0.029594901580572465
0.029594901580572465
0.029594901580572465
0.029594901580572465
0.029594901580572465
0.029594901580572465
0.06360790269738963
0.029807496453199585
0.07657775816561392
0.11646155489149895
0.047939989222864764
0.05025497409866945
0.05071441057521042
0.08065728165339184
0.05422820591216169
0.05659873111350669
0.10289476691878714
0.029594901580572465
0.029594901580572465
0.030814643547483842
0.029594901580572465
0.029594901580572465
0.12629345746665016
0.06682772531374001
0.0713345923360027
0.029594901580572465
0.026491935829868432
0.0232947011169522
0.3542042863442132
0.04282326854843878
0.029594901580572465
0.029594901580572465
0.03668096223634193
0.029594901580572465
0.029560858298867877
0.07155779651545735
0.029594901580572465
0.04541528365753922
0.029594901580572465
0.08431961602059912
0.034420839278562744
0.031674208035503984
0.029594901580572465
0.029594901580572465
0.03303857625938706
0.0540229563169266
0.03152422729336947
0.029594901580572465
0.029594901580572465
0.029594901580572465
0.04972189862375672
0.029594901580572465
0.029594901580572465
0.029594901580572465
0.029594901580572465
0.03856972893811398
0.2043708348113242
0.029594901580572465
0.029594901580572465
0.029594901580572465
0.024620566479738697
0.029594901580572465
0.018201858979003487
0.029594901580572465
0.029594901580572465
0.029594901580572465
0.029594901580572465
0.029594901580572465
0.029594901580572465
0.07077818760679501
0.04145693403686656
0.029594901580572465
0.024563458929616967
0.025459264308028064
0.015881173096748996
0.02192715936386735
0.029594901580572465
0.029594901580572465
0.06226423979358851
0.03331709852638828
0.05106393293304616
0.029594901580572465
0.01973313383149155
0.029594901580572465
0.033238053765180534
0.029594901580572465
0.03596744454430159
0.029594901580572465
0.029594901580572465
0.021333559994237583
0.029594901580572465
0.03565324901398492
0.024676040929723066
0.029594901580572465
0.10382923798722701
0.029594901580572465
0.029018970869440063
0.029594901580572465
0.029594901580572465
0.029560858298867877
0.024676040929723066
0.029594901580572465
0.04912052761282897
0.040537337828649864
0.029594901580572465
0.0665084266369391
0.029594901580572465
0.02510340132615758
0.05813796925589344
0.03532924707132496
0.029594901580572465
0.050386893202715964
0.032113021334692966
0.02624515482963782
0.04002123721211973
0.03674015104296464
0.029594901580572465
0.04183276077790882
0.0508292267795423
0.029594901580572465
0.03757864438572157
0.06704424400531414
0.02775340532830234
0.029594901580572465
0.029594901580572465
0.01775463601987457
0.03089703648816318
0.029594901580572465
0.029594901580572465
0.037119975456903626
0.061136328417937716
0.029594901580572465
0.027378364691281496
0.02847379365916376
0.07491968074189545
0.11299230469949902
0.04750384659839489
0.029594901580572465
0.029594901580572465
0.027408189278496087
0.029594901580572465
0.029594901580572465
0.014225441191471169
0.029594901580572465
0.05302612675952848
0.029594901580572465
0.017533878021596148
0.0384181208590718
0.029594901580572465
0.029594901580572465
0.029594901580572465
0.04571835670912723
0.05294028495199606
0.018715751210775376
0.026381032152071923
0.044702703429047155
0.022056193250242207
0.02715158966836856
0.029594901580572465
0.03619282874725561
0.029594901580572465
0.029594901580572465
0.029594901580572465
0.029594901580572465
0.08181567820869307
0.0304627465852151
0.029594901580572465
0.02319433144052437
0.029594901580572465
0.07834978756258505
0.05581980923082327
0.029594901580572465
0.021615459439969745
0.029594901580572465
0.02125463054541789
0.029594901580572465
0.034565937040817125
0.029594901580572465
0.029594901580572465
0.029594901580572465
0.029594901580572465
0.029594901580572465
0.029594901580572465
0.04066456175921442
0.08441903921319516
0.029594901580572465
0.04384641117874237
0.030128153827113056
0.037562936207642304
0.013586795233558803
0.029594901580572465
0.05068114255749404
0.029594901580572465
0.060946657563138086
0.030824341090317342
0.029594901580572465
0.029594901580572465
0.029560858298867877
0.029594901580572465
0.038661451382668285
0.02358622691595065
0.0381962539005701
0.04042398982803992
0.03604319627388108
0.029594901580572465
0.02965741299693866
0.0560698295001259
0.015881173096748996
0.028974030054260778
0.02084256127858006
0.029594901580572465
0.029594901580572465
0.06168921760899551
0.029594901580572465
0.016088060714536948
0.020724078429029513
0.03828697321752741
0.03536658483475985
0.04994376448079447
0.024780225175201474
0.250054674335269
0.029594901580572465
0.029594901580572465
0.0647732325337786
0.029594901580572465
0.024002564594442496
0.029594901580572465
0.019594340332107944
0.029594901580572465
0.029594901580572465
0.029594901580572465
0.029594901580572465
0.029594901580572465
0.0985047908823293
0.029594901580572465
0.01973313383149155
0.015881173096748996
0.015762939032955024
0.04728906563181369
0.04021888160513453
0.04048700095316878
0.029594901580572465
0.03200927013640162
0.029594901580572465
0.029594901580572465
0.05905059168673767
0.08736842514333641
0.03998485228655912
0.0203796162935194
0.053054691198612385
0.11007939817776204
0.037105984858374956
0.029594901580572465
0.04860318883840812
0.06668261654987631
0.0322925341201589
0.033259950031659366
0.029594901580572465
0.06553789830541609
0.029594901580572465
0.04115249118153055
0.08563634165940477
0.029594901580572465
0.029594901580572465
0.029560858298867877
0.06094972139773036
0.029594901580572465
0.033699155843643365
0.029594901580572465
0.021636472765131403
0.023944979185414654
0.011463327128540389
0.029594901580572465
0.024676040929723066
0.03613290056090857
0.04580259339265592
0.03168067591498825
0.029594901580572465
0.018059168716827497
0.029594901580572465
0.029594901580572465
0.045172104225315396
0.029594901580572465
0.09793621571327867
0.029594901580572465
0.029594901580572465
0.04571106133737706
0.029594901580572465
0.04084994356225217
0.06028032711178998
0.024676040929723066
0.029594901580572465
0.029594901580572465
0.01371872652816052
0.018493058719438182
0.05055589524065331
0.029594901580572465
0.029594901580572465
0.07687811442041344
0.034671997321496145
0.04935653491000366
0.0159281410686505
0.029560858298867877
0.03266737729629833
0.029594901580572465
0.014504879705523412
0.01973313383149155
0.029594901580572465
0.029594901580572465
0.029594901580572465
0.029594901580572465
0.029594901580572465
0.029594901580572465
0.029560858298867877
0.029594901580572465
0.029683865651238726
0.03221161850898158
0.052173369714402694
0.023101779250139683
0.03188310759005681
0.029602548126382244
0.04438053206353412
0.018820860853818858
0.02861368448768598
0.04403770285401154
0.029594901580572465
0.029594901580572465
0.05035445604617672
0.02828213637661285
0.03624311644089258
0.029594901580572465
0.029594901580572465
0.029594901580572465
0.029594901580572465
