1.4953539669698502e-05
7.762835334107959e-06
0.0025189801676477257
4.118815827961066e-06
5.965047104720531e-06
7.008559730514941e-05
0.00018170389256104937
5.178922112043524e-05
3.657246542985771e-05
2.604270440254047e-05
5.353690480725408e-06
8.573319973040897e-06
1.4550205970729973e-05
6.717717420491727e-05
8.326638182904344e-06
7.55469447299091e-06
2.3226619556459614e-05
5.19987899408486e-05
0.0013516448703996054
9.326483295193282e-05
3.359968468642182e-05
1.1525426558089114e-05
6.386844758898728e-06
0.0011980719543830522
3.139882714477158e-06
3.293463826319774e-06
3.080803757935981e-06
4.649094987296214e-06
2.6011544379436246e-05
2.153463499061863e-05
9.448666539747165e-06
0.00010400735875655525
0.014065398295480777
0.06692665175325774
0.00017392470800666713
0.00017233129975524256
5.0672509505931305e-06
4.111053144844668e-06
3.580006453813243e-06
3.3963653664830725e-05
2.3620062604983546e-05
0.00332013854532895
6.259488169693012e-05
4.165262325942228e-06
7.001861271125117e-05
5.815943307347323e-06
2.222476325337802e-05
0.00012597919011975565
1.9340720007136256e-06
0.00023720487501452576
1.1466325032004095e-05
0.0005078838860088812
1.7435981786198867e-05
0.00013904053119247198
1.3183099663621049e-05
6.0845685998357075e-05
0.0002007514788991616
5.5310121631231055e-06
8.226726352820999e-05
2.6130289521578196e-05
0.9969585493765349
1.0217244606653723e-05
2.0866669184683513e-05
2.100442629835249e-05
4.445867541167992e-05
2.0425926552581325e-05
0.0003310685424330935
1.2331855163135959e-05
5.1717322221232335e-05
1.9269088442760803e-06
0.0004387129288966815
0.00012674022424192017
3.871405436412666e-06
7.945549427826527e-05
1.5035929391470726e-05
3.8764110268285304e-05
3.676885131742756e-06
6.960697127420124e-06
4.166651780641416e-06
0.002198303021478221
0.0001913003644517962
0.0041567918123433115
3.2821676654085397e-06
0.00013019147817129365
0.00015067325345129612
0.0002747376851195014
3.4506397093618144e-05
3.703940595882825e-05
0.006418041064325343
1.0237164395644169e-05
3.4843036500048804e-05
0.000147627073225851
0.00042507133875358737
0.00010133741643047997
0.00012184933825124534
1.2494187173966343e-05
0.00024661260231237207
0.00017227565612922831
6.040000064575625e-06
2.6494940215138853e-05
0.0002527158304175014
9.8456666304358e-06
0.004240582474432453
0.44953282254032856
0.44953282254032856
0.0010378115107338084
0.44953282254032856
5.243950453006884e-06
8.700113739685402e-05
0.007818455195810333
2.4148669087672518e-05
5.7710835645774645e-06
9.242046050038075e-06
1.2937870407478908e-05
3.179248458745557e-06
6.388312338481878e-06
2.242999931064384e-05
3.2381231510711717e-06
5.7704989641974125e-05
0.0706680189809415
0.011250629707464977
7.746831687611122e-05
1.550773213714333e-05
9.353471892114513e-06
1.3555419935782716e-05
1.5498984462110677e-05
3.80240263111613e-06
4.153459078888055e-05
4.7760584471688065e-06
4.38764905021738e-06
6.694044848045027e-06
1.4406510250982326e-05
0.0015031901194681287
5.4858844483683e-06
1.27631612091825e-05
1.8391007654689298e-05
7.356843404316123e-06
8.597016407744715e-06
9.242892546266041e-06
3.90543291331442e-06
5.832076657859919e-06
6.6672019499857495e-06
1.5183675870420565e-05
2.025876433310592e-05
1.478392126774204e-05
4.8212581194229194e-06
2.3008475353681477e-05
0.00026657786798437366
5.615690331233328e-06
0.00012972627741928027
0.035026332569869686
0.0006158076606852683
0.014923764399259248
4.547986563529677e-06
1.663687091506837e-05
0.00022583854798948917
0.0008789123274233336
2.98841867721656e-05
7.086847685276953e-06
1.9012766495137136e-06
2.408739577551478e-05
1.616720877277661e-05
2.7572261304047813e-05
7.640599216958236e-06
3.233014938084981e-06
1.1375762470505868e-05
5.060026897749386e-06
5.412601839423767e-06
0.0001353711669761947
2.7804304215982958e-05
2.8424057693872487e-05
1.3914765421275135e-05
8.315165501383954e-05
3.756635366350052e-06
5.882418868760933e-06
0.00013201627494245657
6.870595165915858e-05
0.9982387982250065
1.7504685704200073e-05
1.8203986952554447e-05
0.9973641124120943
8.658106519495282e-05
1.590030927121925e-05
4.7801727547960495e-05
3.941978322908113e-06
3.09313280870734e-06
7.443928635602392e-05
3.041992433687276e-06
4.021413886309123e-06
2.7320586653518678e-05
4.9481374021232615e-05
3.696072854536799e-05
0.00025074012327973267
4.4024975473615265e-05
3.8471399234585185e-06
0.0005271829832693482
2.1529987474711138e-05
0.997148152680185
0.44953282254032856
5.825429120665312e-06
0.0001867029610449909
0.00017276695762426833
0.31315882868949324
0.0008263799989554849
7.214024681132693e-06
0.0011543082045486778
4.2029742493908e-06
2.3272751969679397e-06
7.369767259824428e-05
0.00022519569833018039
7.778084142442191e-05
9.6155587129469e-06
8.127183810415723e-05
8.179379628036146e-06
8.17784593688508e-06
1.9403881646733847e-05
2.4156826037844165e-05
0.00014280107014645908
0.00019530739566969778
0.00021710052011556218
0.002699348839937269
4.887350344806547e-06
8.316934184669039e-06
0.44953282254032856
9.977235487514496e-06
4.315797947600789e-06
3.134168971837442e-05
5.212789663830502e-06
5.996655785671851e-06
9.49624498504153e-06
3.1774092057571014e-06
8.177058561175652e-06
2.588293537581869e-06
1.0248136033093065e-05
0.0013615262389184292
1.3134795884588138e-05
7.696708765519735e-06
1.192387826051668e-05
0.00011404114184581297
2.386196423746408e-05
4.666871369373419e-05
1.7848183684745676e-05
2.953209106136598e-06
0.0001477776504066333
1.2542622357157003e-05
0.00013223948362021815
4.6179275819239904e-05
1.844663867557698e-05
3.012985727869715e-05
0.44953282254032856
0.0008436145012114425
1.9964918581058996e-05
4.020998695283099e-06
1.720947293969631e-05
1.3375869311582195e-05
3.672720053890141e-05
0.0027072791538666026
1.7188348376559987e-05
0.00012625707619905955
1.2741501497892988e-05
4.90678442751529e-06
0.0001348851763554845
0.00040935151864782387
1.4476751088050672e-05
0.0002868248422436655
7.462489309582102e-05
0.00031253847222807734
0.0004806207691565571
0.0007355319131670214
0.0004378364922772467
0.00033272235339561955
4.030856676912821e-05
3.6763661411808596e-05
2.040942397542179e-05
2.267830810447657e-06
8.50615201220258e-06
4.1561947194668584e-06
0.44953282254032856
3.990566066485904e-06
8.708421798569988e-06
0.011416719442427203
0.00010194656593274109
9.68340372622305e-05
3.427592176887044e-05
4.8089111640608514e-05
1.1845034927301075e-05
3.635492293312514e-05
9.092032461534036e-06
3.0304485100713124e-06
3.762194055443173e-06
3.278445855749241e-05
8.259072690227101e-06
0.0013202788863444458
0.44953282254032856
7.359549731612549e-06
0.00025943899062075423
4.477859176401838e-06
8.927091890982153e-06
0.00011201984780873062
1.1084524473130715e-05
0.002074818184070889
3.5163827504640286e-06
9.438015607839287e-05
4.166652508299222e-05
4.39058238340303e-05
0.001444996791038376
0.0004832459289808428
0.0003641352457908523
9.900137805589086e-05
0.009669712861416782
0.00010194656593274109
2.389942749039649e-05
8.462128892443347e-06
1.2480048372099882e-05
4.8683846779482194e-05
0.00019580079264513116
2.766031617191919e-06
8.400089869256042e-06
8.208119480803059e-05
5.868490919999902e-06
2.0014459822496545e-05
5.337385848514043e-05
4.429456229942099e-06
0.001134700490338513
2.129149622891425e-05
0.0007697164036946496
1.659602157213251e-05
2.852795597957014e-05
0.0017895373872887335
0.0008976759379210487
2.031201060744849e-05
2.2493909065675306e-06
0.019754195365278854
1.0781192285188517e-05
6.467303051671623e-06
4.345749328058448e-05
2.5978257978227246e-06
3.3051254481361626e-06
0.00010357524305044514
0.00017169646071791737
4.237982820453583e-05
0.00016711059932968253
0.00022414265405842115
1.9455928112043815e-05
8.359238080578719e-06
0.00039342856702417444
0.00022171032750803075
2.5767963551745397e-05
2.635165955218897e-05
6.972140981970052e-05
5.626686301220213e-06
4.8140099794170435e-05
5.061641579732218e-06
2.3323335269303595e-05
1.2530073223610283e-05
7.388934323202422e-06
6.356992241310576e-06
6.605281162844651e-05
5.127436932848588e-06
7.335475320952637e-05
0.44953282254032856
0.0003879246930738255
2.942748429167219e-05
3.0365635933477933e-05
0.016767905488689033
0.0005576737623797076
0.0010442932672012353
0.010409253757506825
0.014702430858393086
5.0875623378340264e-05
2.029194812126411e-05
0.00012172062909903909
7.373591332557941e-06
2.2396579674940167e-05
5.4373671809123315e-05
1.7088910936849223e-05
4.062437478029412e-06
0.44953282254032856
2.5908803761348754e-05
9.096556476172128e-05
0.00015452728786440186
0.0008320047193530982
3.538056822838554e-06
0.44953282254032856
2.247201130360604e-05
0.004604791221269463
5.3959089599805045e-06
2.5552461262046837e-05
0.00036926847020773285
2.9838674168621032e-06
0.0257433406356326
5.935400806588595e-06
6.531590617168474e-06
2.7813270106032394e-06
2.0739428389423323e-05
8.831359085973997e-05
0.0021016335296341923
0.00020140263152168154
0.00017923699767275508
8.510308902669243e-06
2.3011093351709354e-06
1.8446358767578406e-05
2.2152992664283686e-05
1.640261478702755e-05
1.604999302130825e-05
3.2148779642309296e-06
6.829825459048915e-06
0.0005743314020928312
0.0007473679640871775
8.644295824978497e-06
1.6808163241086456e-05
1.3330791805125641e-05
7.831852618829021e-05
0.045485550810207366
0.002563476655156929
2.5916793579140604e-06
4.207835022358993e-06
2.4325612560077266e-05
6.640346293664226e-05
4.635814790854178e-06
6.47279289572806e-06
2.0878632695667896e-05
5.826366492743642e-05
4.445867541167992e-05
0.0030410601922766707
0.0001539879019225888
0.00013360166128811995
0.00045433703639058946
7.6149393877489274e-06
5.000802512794531e-06
9.554022935772408e-05
3.249141389376686e-06
6.8138860444767295e-06
1.461738786441007e-05
0.00033419744867345174
2.4364613646344353e-05
4.8569719624527755e-06
2.17855855433771e-06
0.00018949116868339385
0.005722587665889715
8.537884010780105e-06
4.919579496812225e-05
3.224932820747699e-05
2.457700478215411e-05
0.00015071400673225192
2.048948889102021e-05
1.065099893226956e-05
1.9735164127499663e-05
2.729728069972274e-05
9.10773490949645e-06
1.9376258494702803e-06
1.4167587451296248e-05
4.783428005758558e-05
9.016612640862011e-06
0.44953282254032856
7.492961412904094e-05
0.00019351623279858723
0.001600780151967958
0.044906121640645426
3.006537895088397e-05
0.00038586495065771745
7.806749583892931e-06
0.0627993043958062
0.019367776109819233
0.00010762991613849618
2.7066001990835815e-05
6.006940005249689e-06
1.31570788241584e-05
0.00015560546977774357
2.650108652457269e-06
2.2815542672835123e-05
5.119944172711923e-05
0.0006262106261965703
9.953201075350825e-05
1.4018729004646736e-05
7.096493107742405e-06
0.06963182646749143
1.708750094107958e-05
1.849470735610284e-05
1.0907740954486093e-05
0.00010279461829421363
4.241008721897174e-06
0.00010194656593274109
7.240525911726014e-05
3.9805429106687685e-05
5.822686038160842e-06
5.444457245219672e-05
4.0391720582510244e-06
3.949513442216264e-06
1.9370651176381187e-06
4.852343646382815e-06
8.947257011270941e-06
2.6623763232123334e-05
0.001937785752968868
1.0950073758423795e-05
0.0009694289942293763
8.041352410413803e-06
0.00021248959053931762
2.5346434155226192e-06
0.00010231171776353135
0.0001255295933552393
0.00012570268497281244
6.410870078259465e-05
6.527016628056614e-05
4.4495526622009435e-05
8.957388467639477e-06
0.000393083469346761
0.000208627995870224
0.0013544591407879643
4.694460288124423e-05
3.970436396079532e-05
1.6133719783545388e-05
7.139186678873189e-05
3.2312259243299647e-06
6.7332767089171e-05
0.6741653539981276
0.00042798557407230004
1.2073100348006749e-05
1.3618705148262278e-05
0.0021786386023950927
1.107664347100632e-05
1.8387850983020896e-05
1.5628378121052224e-05
0.005448275075003762
0.44953282254032856
0.0007162818250569932
0.44953282254032856
0.44953282254032856
9.60976606118931e-06
0.0002714397877389622
0.00020391478464920217
1.4564967293994177e-05
6.393589371848429e-05
0.005849907583750532
2.075324326706669e-05
0.0019087285917776843
2.216289861288747e-06
0.44953282254032856
3.080476541369868e-05
2.159167154861743e-05
0.0010186469674503184
0.0002670077028921749
6.204846095478695e-05
0.00010194656593274109
8.106250194647363e-05
6.735770666166454e-06
0.44953282254032856
0.00015877754694497477
5.854226731848654e-05
0.0043892039650638365
0.00010474784086694186
7.86019968010318e-05
0.44953282254032856
4.770357311760273e-05
2.4326221036099648e-05
7.395167771209522e-06
7.3794525063413345e-06
4.958935124041077e-06
6.457073855622705e-05
1.3667301685926071e-05
6.550609921465443e-05
1.1327699669227337e-05
1.7185209708500404e-05
5.6459647065901094e-05
0.0003247122906675603
6.229563530795362e-05
0.011016102213376722
0.000139114749222238
3.794349691248291e-06
6.690051062679363e-05
1.1420799773354123e-05
5.292136041134796e-06
4.742835449067342e-06
8.465104281862717e-05
3.630442816956859e-06
6.360731222176834e-06
9.621769217621713e-05
0.44953282254032856
0.00016841215134974307
0.00035407791005190954
0.21606415944624555
0.0033232324145792244
0.44953282254032856
8.984567123231598e-06
7.529326258535658e-06
0.44953282254032856
1.2413494281286048e-05
0.0001796693760340985
1.6462866962966785e-05
4.639737849352199e-06
0.035970943570176585
0.007886394578018449
3.6687751897295175e-05
1.3075379678745572e-05
3.490401572457466e-05
7.052293924424855e-05
6.992649204365064e-05
8.682270958475074e-05
0.0002936433300145327
0.010393479826165635
2.692450400718219e-05
3.167844726053481e-06
6.2806649387529915e-06
4.832281732786979e-06
1.201164373165498e-05
5.3463646723074585e-06
0.0009956069137271406
2.6941122123194017e-06
1.9391361282098325e-05
2.275513921376402e-05
0.0008971280291909196
0.23601408811476438
1.9181728396933374e-05
2.577449409114715e-06
0.0001780654410914211
1.0411714042811236e-05
2.0294588188808947e-05
4.8349230045718464e-06
2.9806465098124024e-06
1.2846670903049204e-05
2.554836302634801e-06
3.845886383696265e-06
1.4866712265839777e-05
2.3954364914134663e-06
2.365455552655605e-05
0.0028602036351519527
1.9525827942147767e-05
0.0012398003379718154
0.0003475342606166384
1.0359658026360104e-05
6.932473667982126e-06
5.689618912744292e-06
8.572611927786949e-06
4.3564792615626575e-06
6.127449321225592e-06
1.5967107931800976e-05
6.572819568219224e-05
0.00020387913872999452
0.0002845673552183067
0.0014674745540051125
0.01015787934139023
6.1306704458158645e-06
0.00013323106202272188
0.00029993184002435544
0.00020624754647019687
0.0007685561265133185
4.5869143122484625e-05
6.353096125999204e-05
0.00016179048297329418
0.0003605452288902338
0.0002469084956253192
7.125671231499512e-06
3.9168608825724815e-06
0.00015903000684151217
4.8983116490886715e-05
2.1207906887977185e-05
0.00013561044143272236
4.17491299875195e-05
2.9570362281653715e-05
0.04403103060170044
1.0908000446128966e-05
7.631853809188398e-05
3.028481867826372e-06
3.487305556088964e-06
0.0029051171366466684
1.8559229893789633e-05
2.8717194873322568e-06
0.0013949818507298839
1.5833673138029267e-05
9.321366703119136e-06
1.5881373316056517e-05
3.958290307819353e-05
1.4477916963513546e-05
0.00037469678573216547
0.0003314716753887597
2.2980607456842074e-05
7.466526193186679e-06
6.48163647400369e-05
6.294433522145511e-06
0.00016917128844273324
2.055026725554868e-05
6.120400760258942e-05
1.3352810925289433e-05
8.474118622192137e-06
4.774682724472574e-06
0.00025531639475200756
1.1659728841832923e-05
4.587325535566425e-05
3.7664588706881007e-06
0.44953282254032856
0.0008062907069899961
0.011369299770279185
0.00010857218108449671
9.893945596415919e-06
0.0001461051230562903
6.878546866313981e-06
1.7200744346911444e-05
5.675468889650334e-06
5.031713514261294e-06
4.135842469838593e-05
3.823029014676821e-05
1.312286161817723e-05
7.454082210866692e-05
8.776583302763157e-06
1.6091789376306876e-05
3.1956430628757314e-05
9.968519277624413e-06
4.36055003890057e-05
1.4137743507928998e-05
5.818148486932418e-05
0.00048136180474770356
3.179183220123281e-05
7.241807666604725e-06
1.7147133522332643e-05
5.359875519462537e-05
0.0005437042357582679
8.426116501653838e-06
0.00010194656593274109
1.2571184299868924e-05
9.646267619761772e-06
3.4669801528793474e-05
0.0005418393197954545
5.833861920926692e-05
1.638841077329003e-05
7.985462664035604e-05
5.374338377776893e-06
6.105946174252488e-06
6.404218970348157e-05
7.661106378965016e-05
2.3296084078298223e-06
4.805676302472824e-06
0.0003568440958658747
1.0599266274547365e-05
9.9097264095595e-06
0.00025912617236598237
0.00035536309673538476
1.7561513885983642e-05
0.00032369635253084924
0.00010194656593274109
1.2354597197127529e-05
0.00018132599520046382
0.0007334516072133111
0.00018384451433126452
3.02309114139125e-06
3.639846400019784e-05
1.7597818935201906e-05
6.922330714165207e-06
2.948321506949508e-06
3.150870189260337e-06
6.2248271194453326e-06
3.8914520235562915e-06
1.9396749344956898e-06
2.188247012954777e-05
0.00010240704139640792
1.0064004014464346e-05
0.00014268701487620507
3.2363736032764158e-06
4.114252131242567e-05
2.4575965227322597e-05
2.1170204099444447e-05
2.2957240855586188e-05
3.1977832325222905e-06
1.9602520721383343e-05
0.44953282254032856
0.44953282254032856
0.00010194656593274109
2.2939726707144037e-05
1.2829635894309297e-05
3.570518384182154e-06
3.2128216645947826e-05
3.2820491793849255e-06
1.882792460962704e-05
5.855904121964179e-05
4.391780696697416e-05
0.0006608509974433926
0.00028786115174891653
0.00017454599946145066
2.559723638790759e-05
9.58272532538917e-06
7.241092301173995e-06
0.44953282254032856
1.4352823117982285e-05
0.0004276897799058495
2.4762278042871596e-06
3.84602119303081e-06
8.709231745541015e-06
3.2232418745161585e-05
1.6546934978665698e-05
5.010200290487944e-05
2.6679235822622118e-05
1.3536504040980944e-05
4.663873391240122e-05
8.0028675936561e-05
3.50042592729427e-05
2.4362484363089965e-05
9.415355544661224e-05
0.00021495905035275888
4.55901390955384e-05
0.0008752806545069362
7.283740447813474e-06
4.134123486931653e-05
4.5914213309856e-05
5.034398192443822e-06
0.5946174916613868
0.00010194656593274109
8.227534511968413e-06
7.040586530031998e-06
0.44953282254032856
0.0002324415170242524
5.112626696253698e-06
0.003324658231690362
1.4233376071083224e-05
4.0875587631224256e-05
1.2207561329689714e-05
9.440439699606057e-06
4.790331865092616e-06
0.0006183968790425753
2.2675048605506e-05
0.008550376336261743
2.4871649987244918e-05
0.44953282254032856
8.054828067662287e-06
8.216052092329547e-05
0.00400610230724501
3.8490553922569696e-06
4.455102765391086e-05
0.0002980123265779568
0.00024388135528393098
6.875042816411534e-06
0.008913057529690151
8.641597739418638e-06
4.233354305730671e-06
2.0328066995323635e-05
3.237272053848204e-06
0.44953282254032856
4.450369749242242e-06
0.0005070524056141839
0.000190611600998452
0.001867673206923971
0.0013021338421006464
3.69235199963563e-06
3.155571490474453e-06
7.181811215660488e-06
1.728129170303939e-05
6.261901353932282e-06
4.820035758797723e-06
6.124272362119001e-05
1.2005688034438047e-05
1.1210663293754505e-05
7.170130674199636e-05
2.6063507360313976e-06
0.006936633443062602
1.2304029999256119e-05
3.591803637076159e-05
4.199662043793501e-05
0.00011290860159513425
0.017346001133369097
0.00019234495696146848
0.15088089069603208
1.2641640356703128e-05
0.00012257222326472416
0.00015552025668954514
0.08260358575797726
3.6133005726355934e-05
0.00027124672768387897
0.0002971723082333708
4.607901827950294e-06
0.00010945860864100567
0.0001701301522127546
4.219497169253492e-05
6.38104715904851e-06
1.0947355559302297e-05
5.674800650759762e-06
8.442317485387787e-06
1.6268643585404385e-05
6.857989159356735e-06
9.176639930653317e-06
2.87785639374538e-06
1.2905505052720256e-05
2.603222480946517e-05
0.0017965597329196437
0.0002851387848718767
1.4391327745209571e-05
8.115351165773714e-06
0.003980939440669552
8.365873902429624e-06
9.677414709423382e-06
0.011054265599836542
1.2118936622068261e-05
1.7590906929278143e-05
1.8056655991274242e-05
4.740440415257652e-06
0.004931478450234837
3.5811592390438977e-06
0.00032826697386844315
5.217605431304517e-06
4.872446488025617e-06
4.073674864439101e-05
3.837428165784723e-06
0.0002863825102395623
0.0003361568403769278
0.004937621771442348
0.44953282254032856
2.2420252766034293e-06
0.00010194656593274109
2.7691851221256647e-06
7.24063714274611e-05
1.2610038172091835e-05
3.72486535237544e-05
1.0139150344374688e-05
1.0760965100883354e-05
9.084416961496141e-06
1.1763104143366393e-05
2.6631808366607083e-06
1.105632086634678e-05
0.00030687046943369726
5.3459981259463594e-06
5.2282514354902446e-06
6.909972816894756e-06
1.710940163590774e-05
0.00017480035946081633
0.00011439531876452026
0.00046279128106910554
2.4038267129790255e-05
1.1116782611378245e-05
7.816840290959702e-06
4.558784739029296e-06
1.9364926868259596e-06
3.247792998150949e-06
6.648368305775738e-05
3.762473251190387e-06
0.0001053872445648436
3.730499094121039e-06
1.3183117977897787e-05
0.04418697663471609
1.8857754958308704e-05
0.0006937010981547888
0.0009000386882855038
4.0182611638941356e-06
8.606081403266339e-06
1.1785850820297874e-05
4.698887624376336e-06
5.4790025978839115e-06
0.00032616253668341403
0.000274310303003218
5.659106742658842e-06
0.0002002819145550341
5.756131709669655e-05
1.9145883199285063e-05
1.0445436468152381e-05
0.006571464505738368
3.309314909766577e-06
3.5841042610815026e-06
4.8526550665527885e-06
1.2032359874104095e-05
4.867182694202163e-06
7.906708904975803e-06
1.6890918425723185e-05
0.0008121478609527924
1.01722245083597e-05
2.254723401351948e-06
4.480628053589427e-05
3.0485557763822427e-06
1.1063041730681525e-05
3.536609432974708e-05
9.780900097648445e-06
7.181992294629945e-06
4.276612768358567e-06
1.4957366497554193e-05
2.0580787711763946e-05
0.000101325497394171
8.359155515943076e-06
2.096482403351414e-05
8.341190247452254e-06
3.58175838591637e-05
1.6096386140978567e-05
2.1454740111914505e-05
4.001494984277599e-06
0.0002866301111697114
6.858265279268487e-06
4.965867980360344e-06
7.4294543715403405e-06
8.559484458898186e-05
6.871194469743887e-05
7.632309443990133e-05
8.324848359072081e-06
4.068018619335343e-06
0.0028813536897770533
2.839171950987743e-06
0.00017239944940275657
3.727897847110441e-06
0.00011689725686949619
1.7725110582100907e-05
3.549166765492604e-05
3.731286390793869e-06
8.71067041920822e-05
0.44953282254032856
0.0007130053976565438
0.003427204607347201
4.128599067869486e-05
1.0432816854979382e-05
0.0006281305782280447
1.605631474192594e-05
2.580178772657505e-05
7.50391707826498e-05
2.24206167015291e-05
0.0006600352375340541
3.247216192047492e-05
7.319961450976624e-06
0.0002408342055717123
1.0299919615935989e-05
0.0003093313666480477
2.4664442201050418e-05
0.0003945589370506284
0.0006182099340626446
3.4853117648045824e-06
0.00017279835635297495
0.001025995455002793
0.00016194009781293035
3.436395715630487e-06
4.374659820927726e-06
7.250015099054644e-05
0.0002294372649548209
3.410111037789993e-06
0.0009442412398352355
4.46125856262867e-06
1.1727517345627846e-05
2.0211824678820238e-05
6.597006046576942e-06
4.517438990576598e-05
2.474468158726462e-06
0.0001388929021786789
4.7975710013866635e-06
4.2484905744361194e-06
3.865267307827252e-06
0.0003057840184257552
4.219575190575635e-05
1.0423333091537286e-05
1.115227712976229e-05
3.820570184392203e-05
0.00011044751721041796
1.3103746597928966e-05
0.00010469371182958835
0.003230918543608077
5.606598630034432e-05
0.0017211162668876914
0.778853491164465
7.176938980412555e-05
3.219823258120531e-05
3.637913704332746e-05
1.1892901904887544e-05
3.675703282285922e-05
1.4312664986609336e-05
9.709636782734696e-05
6.024372834172598e-05
4.241792809782123e-06
6.458003921627115e-06
0.0020538768945862836
2.7041300996253574e-05
3.2185785051590265e-06
8.540344412870515e-06
6.6411717372668166e-06
8.471871311621068e-06
2.2208347986473553e-06
7.967746408413079e-05
4.688370296254334e-06
2.1181064959000648e-05
7.486446150015969e-06
5.688038878421711e-06
6.663902574619072e-06
0.0001856130101004436
2.646249010246839e-06
2.241376238634983e-06
5.33957918824946e-06
9.817512794315753e-06
5.396182885491224e-06
3.0497363046880437e-05
8.099407807464738e-06
4.586344259316058e-06
1.35313079292712e-05
3.158963723073133e-06
4.4024975473615265e-05
7.91879907331074e-06
0.00018281447365224972
4.69262667043961e-06
7.617417480485399e-06
9.31573662100154e-06
4.980049955502981e-06
3.9696510425229e-05
0.0001603289570483451
0.0008292863876024315
2.5979656897458473e-05
4.846805078277867e-05
0.004861529336152793
0.0009563556644329974
0.000396135542227715
3.1322029963716244e-05
0.0013042158995697543
1.2734800743677805e-05
2.3091351122892832e-05
0.0001012853669030455
4.375118030124349e-06
6.532740233997411e-05
1.9417579221380704e-06
0.0002768323727661873
0.026893182417035214
4.460823424947948e-05
0.03688338953282172
0.00023026937129386112
1.6189000355888147e-05
1.9505935969248202e-05
4.695000421708832e-05
0.00010892405329266091
1.998875713060825e-05
2.513063404493156e-05
0.00011408468843360929
0.0001251982498397138
0.0012304461716643616
0.0020691692435797905
1.8002562045829906e-05
2.5907254978953957e-05
0.09692781997353407
8.109095578204142e-06
4.753357678669808e-05
0.0038968957402618137
2.662760189934071e-06
4.734086624999987e-06
0.0005148730025803526
2.703073899393402e-05
5.173026603753281e-06
7.057376714717198e-06
2.0971536502648266e-05
0.00048085947931449325
4.582035941977228e-05
3.4862752396402883e-06
1.1405357027970222e-05
1.8629639542617002e-05
2.614283402220807e-05
3.1126730659778685e-06
2.3760855556278065e-05
5.7969463714515966e-06
0.44953282254032856
4.481742095002126e-06
5.76248880053348e-05
4.30450728293648e-06
3.7845569388559768e-06
1.2444727662359004e-05
8.924874440017674e-06
2.3064412485908493e-06
0.0006692354255733058
0.0013936837846454642
7.81579710526841e-05
0.0005150773515520008
4.3880347551613e-06
3.0184228015995433e-05
1.2511592303782617e-05
1.1244517773285609e-05
0.44953282254032856
0.44953282254032856
6.990125081971771e-06
6.501067116534244e-05
1.163426303449685e-05
0.00015089787125067367
2.7159579407320294e-06
2.0345436965346864e-05
8.599456764707792e-05
0.0012385270405688535
0.0009905576628199617
3.5389676804260316e-05
0.0001549893027552789
0.0006615336617264768
6.652046890018365e-05
0.0002722879460081507
0.44953282254032856
0.00012543046466370936
1.0328526011142851e-05
1.590090019171044e-05
6.404512412590941e-06
0.002537020919458621
4.913211563338328e-06
1.1390999782514458e-05
6.901987202514188e-06
1.847682576988007e-05
0.07424374330526975
0.00018476034891712988
3.5437479126819314e-05
5.0888084778518225e-06
5.5048454326061295e-05
8.65932607572909e-05
0.0012491074849328217
1.9660691489964238e-05
8.090481858732162e-06
1.3067201626956254e-05
7.741861425349801e-05
0.0014755833967606726
3.047982945020824e-06
0.00017071342085079377
1.0655484576750063e-05
0.013978655511367791
3.0679165653699426e-06
3.2242969080174025e-05
0.44953282254032856
1.5117011813791064e-05
1.4438103738606147e-05
3.0413560141129143e-06
5.360840362042487e-06
9.696958528168013e-06
0.0017536447112662572
0.002168342312777854
5.433572295474106e-06
0.0017316859113584925
1.2292311067398277e-05
1.8986878860085833e-05
6.1690782565999355e-06
2.561579586552264e-06
0.00078079132931787
0.0009139761854458358
0.005935543872888089
0.0010604123715303394
2.0909823600544625e-05
0.0006656307233416001
0.0011457505654490026
1.78791564232928e-05
0.0008136715075209917
0.006379635535237059
7.015850798612865e-05
1.6311091134201375e-05
0.021275754307134447
4.279269689417284e-05
3.6123880605711202e-06
1.5052689314842579e-05
6.07577290142481e-06
0.0002332260675459114
0.008121758849355981
1.8321597408803026e-05
4.415154255526132e-06
1.141007544903355e-05
0.0007802216137420217
4.371441530681925e-05
2.0812821461469583e-05
1.7137358606974294e-05
2.5942213285738788e-05
1.845243682337975e-06
1.041456284940853e-05
1.0507158436050242e-05
3.0598288207684273e-06
5.12195692355386e-05
4.042860791460481e-06
2.8227894384860333e-06
2.216905159793855e-05
2.3447696709855773e-05
4.487410655693378e-06
7.097380256013749e-06
4.279639777797187e-06
1.3797069896713846e-05
0.0009011206775236546
0.0004880794465970144
0.00024427979964489394
0.0019507871243714127
0.0016729894174453907
2.2558906830611633e-05
0.00362071667473343
1.3797999241080975e-05
6.0541573709647804e-05
4.390788767294823e-05
4.882382117272164e-05
2.2743250858498614e-06
2.8060278211365247e-06
3.4359481073094156e-05
5.645531942482403e-06
0.003418309595369065
1.61041005229417e-05
3.1034611365200986e-06
3.4092819505237205e-06
2.286847695084787e-05
1.5517736397912518e-05
0.00023327347602244449
8.543081890298194e-05
0.0004049376820094854
0.0014912874030498905
4.623326421444591e-06
0.001198358813890537
1.4460154278499857e-05
1.0269278070299006e-05
1.8085896320200492e-05
6.078442143147881e-05
6.99523569748362e-05
1.4593768953910131e-05
1.9039606420779293e-05
3.354408931836853e-05
0.00010307014254188306
9.588706008076057e-05
0.00019030757580933442
3.6771933218609246e-06
1.939775649857289e-06
4.548068195662655e-05
0.0008711829472083904
1.572243424819843e-05
2.0995716060569524e-05
8.903002136541618e-05
0.05591854207793832
4.822524519036689e-06
0.00011706333831186066
6.30249698085226e-06
0.0001864322207568017
1.3239833480828522e-05
6.256556971088792e-06
0.00012547140515777296
5.694120480068404e-06
5.80465662712121e-06
1.1963912029526103e-05
2.941063086476635e-06
6.575946913995958e-05
5.416668655626349e-05
0.44953282254032856
0.00012502927078492223
2.627810641387366e-05
0.00017625907034281174
2.964302876304052e-05
0.000308866208430913
4.185426434720669e-06
1.614907551631317e-05
0.0011103806447193788
3.4574884717894964e-05
0.44953282254032856
5.805959263835524e-05
3.7723358168922924e-05
3.4575668293255906e-06
2.228040569260379e-06
2.278592813385353e-05
3.775348746016555e-06
1.3536432074951175e-05
1.0939189365162448e-05
4.350630741691749e-06
1.934386857018554e-05
0.0003109240054261095
5.7213566678123525e-06
0.001958209215477093
2.273070146296937e-06
9.975734744718142e-05
4.910926432237124e-06
2.6511619619402923e-05
1.4808736636660119e-05
2.1658218258104052e-05
0.0009916960303134991
0.000579053150818742
2.9925448865339224e-05
6.437858370739531e-06
0.0017838094757444947
7.65870599506057e-06
4.031527409218609e-05
0.048331471412083896
1.105343643603168e-05
4.958754661435757e-06
0.0001557362942925263
2.0948113415652887e-05
9.863800288682346e-06
3.7725132525672733e-06
2.3396930936988678e-05
1.3496344865178174e-05
4.1963956154255657e-05
2.983390930160718e-05
2.342009767913745e-05
9.582758839251668e-06
1.487751512985234e-05
1.8481804564192516e-05
0.00030623428162728314
6.03573455364515e-06
5.015292760163033e-05
6.136516158752883e-06
0.000552565822302709
2.3403075229394535e-05
2.3346392483958185e-05
9.612714372383282e-06
1.1747218726555086e-05
6.345384675954873e-06
3.7246453033039235e-06
0.00021604548830932524
1.830021925027242e-05
3.3120615678047615e-05
4.1021785838356e-06
1.406924799706972e-05
9.892098434659945e-06
6.296798287516618e-06
6.245129486998291e-06
2.508366350331984e-05
9.118491281066638e-06
9.72734557756968e-05
6.981928201175547e-06
1.5862711528298366e-05
1.1375932098944693e-05
3.5526825415614193e-05
0.0003644242401881063
0.0005443580537166258
4.386460671922935e-06
3.429173047874215e-05
2.6973150914822483e-06
2.783679209946604e-06
7.947756033696431e-05
3.9379816765666626e-05
0.000142779928191706
6.590406871005418e-06
3.7377230620199894e-06
0.001815604564819109
7.382167608576647e-06
3.5824831347634154e-05
1.6501277798341622e-05
8.215311597297654e-05
4.47196606145462e-05
2.599048569606839e-06
9.878305628633647e-06
0.0002085651729514324
0.022383580935200487
7.329950706437014e-06
4.583773509457049e-05
7.796784782501086e-06
1.929364312770696e-06
3.4485964687070975e-05
2.9183282182382436e-05
3.49681902123882e-05
1.2471366051320042e-05
0.00013521976880138408
7.443181335508069e-06
0.0014983416455474064
0.0002929866776088711
1.548642461323393e-05
0.00011542601132209848
0.006136752741836871
0.041366836301575054
0.00013675861840989603
0.44953282254032856
0.44953282254032856
7.648772731216022e-06
1.523521459854424e-05
0.0012404452764095534
7.1235288328402084e-06
4.175118716030822e-06
3.5750248083997977e-06
4.5839216347285176e-06
0.0003562007271553787
8.298838105308379e-06
1.6720497788235835e-05
2.09296937503889e-06
1.0355851595599954e-05
8.538939723005818e-06
1.0336440527611379e-05
0.00041562486847666327
3.8013687208193064e-06
0.0013635182259590008
5.121566221542607e-06
0.00010354473862346297
6.681601764255127e-05
0.44953282254032856
0.00017852450698317655
1.2862613989098875e-05
0.44953282254032856
1.4416955578361816e-05
0.037807370106456184
7.498802070766757e-06
1.7559679595471863e-05
1.0480821998268864e-05
2.244161506580246e-05
0.0018022871080749254
8.859688071858653e-06
2.327962940584268e-06
2.2276969675701603e-05
3.2248839774598928e-06
0.0005990966017158062
0.0010712931958813756
2.862247694041451e-05
6.4829609851678115e-06
4.295617704250637e-06
1.0571415250859329e-05
3.146797637975948e-05
4.084777731172368e-06
1.2207413961683795e-05
8.387833645556896e-06
9.049428062204314e-06
2.988870239676086e-06
0.006242849121050757
4.8292003040085664e-05
2.2611167067358214e-06
4.012644712400932e-06
0.04513195724397382
3.649169627250903e-05
0.007743797408817237
5.609265991335429e-06
0.0001275618572834909
0.00022598694051634256
1.629151911791433e-05
0.0004130653986362755
1.4066849974317713e-05
2.2244319069243054e-06
4.843136746291274e-06
4.4261236853803e-05
1.2413808440216667e-05
4.062811383515887e-05
4.501723364109941e-06
4.859091494534492e-05
1.9350067872411213e-06
7.307613576148318e-06
4.9085555044324944e-06
4.943988501123368e-06
0.44953282254032856
6.192842940729782e-06
3.199616696392015e-06
1.900297453014244e-05
0.00045052806245601113
1.3969854237883632e-05
2.1446368494128485e-05
1.870462159416896e-05
9.359202482592804e-05
0.0001001794729987439
0.00140363504813317
0.00040389675928149043
0.0008926258727820247
2.5708075394773394e-06
1.8111879396752477e-05
0.00032322086946510987
4.0572905090590825e-06
3.360580099490206e-05
6.025820374983212e-06
0.0007166250504447769
0.00021191893444437812
2.8744279627970496e-05
5.68241063272431e-06
4.529614723229916e-06
6.8695557563835495e-06
5.68324799137839e-06
2.639161872694724e-06
8.604620897544114e-06
4.979135491044152e-05
2.255568159342217e-06
5.431496727248487e-06
3.876171966862076e-05
6.876418118552733e-06
2.2462457245357628e-06
1.9437026914459445e-06
1.3328921997944885e-05
1.1920749479532146e-05
0.0001213382613596975
7.138837545657446e-06
0.226666317103221
8.506633067888488e-05
7.682882633892066e-06
2.750009324489528e-06
1.0014160775892433e-05
0.44953282254032856
3.0878311399210656e-06
3.618302432346986e-05
0.002153170099906763
1.0298718597367078e-05
4.743577839330366e-06
5.407925936676724e-06
5.7432214484004605e-06
0.0003255140721876969
4.460105075113154e-06
5.492382182252013e-06
4.187378571075268e-06
1.0014750840482371e-05
2.5876255176910545e-06
0.0003061733649471145
3.318462958266126e-05
3.8347657776064415e-05
3.6046954918824447e-06
0.0002657019247473733
3.0147802886899257e-06
2.7861434421505794e-05
1.5461663682957458e-05
4.852383594550118e-06
5.135195989784855e-06
0.00010550408386554031
0.00947090056687033
0.00016914126788215422
3.17225924938861e-06
5.188468079518551e-06
2.988847736659974e-06
1.63918145238934e-05
2.9380017672010948e-06
4.533907329810403e-06
3.1948935889257136e-06
1.942414379552316e-05
1.4848540133261464e-05
4.331957414607242e-06
2.703219900365717e-05
6.811802657328461e-06
1.1738847262246549e-05
1.0132724855143758e-05
6.96912175763594e-06
2.7737810893552957e-05
2.5329498381496338e-05
5.989173676421606e-06
0.015974205512291253
1.2226144458434616e-05
5.699633094129112e-06
6.821091642549278e-06
1.2789069407010196e-05
6.977111597712125e-06
1.3848099759723877e-05
1.6033021019861667e-05
3.5831802229015225e-06
6.884083927213055e-06
1.1037310528260747e-05
5.306755000446677e-06
0.00011755086992678103
1.3282524705952487e-05
0.00019861499878606184
0.012632001743785393
2.164407879313784e-05
2.1766684908905776e-05
7.916673281987732e-05
0.0017164720655050802
7.470074339999822e-06
2.2339462443910064e-06
2.093504427141799e-05
5.8755972738795636e-05
2.6892679981227584e-06
6.573274337507132e-05
1.9415883138516036e-06
1.4446509837326288e-05
3.7546241979368816e-05
9.554446654105246e-05
0.0002680053567878228
2.7096414903686494e-05
0.0004886065800336998
2.3815740741174472e-05
8.01330596327965e-06
0.00010288194135132243
6.26418064963948e-05
0.0012649819312276198
4.519002935766857e-06
0.44953282254032856
0.0004086782412699605
7.0663058518385945e-06
8.733685523254127e-06
3.2941543859590936e-05
9.335796805620099e-05
6.290875598331981e-05
0.5364376008749482
1.0494469445076245e-05
1.5037926130512481e-05
2.6610294212122363e-06
0.0002083144016678617
7.874158387174816e-06
1.1467305787746057e-05
1.775271329449331e-05
1.343615758110647e-05
0.00010194656593274109
0.0005839066731767338
1.074000488683123e-05
5.6020679567135155e-06
2.4062202430622467e-05
4.689782172672602e-06
2.3644906869070367e-05
1.9270757248838613e-06
9.333659088665521e-06
1.7515135066385133e-05
1.2012759594060455e-05
5.30288843407868e-06
9.932845567459774e-06
6.565550234922561e-06
0.44953282254032856
0.44953282254032856
3.953108147545637e-05
1.1527382187786706e-05
1.5471088024974918e-05
4.431427088482227e-06
2.6526316072969746e-06
7.63910609451053e-06
2.004692749024623e-05
0.00043228679052490025
2.4391201951821038e-06
0.44953282254032856
0.00014465500100987444
9.651622187195413e-05
4.1764406596092095e-06
9.051402600517837e-06
0.44953282254032856
0.0031145163958371134
4.728499592860465e-06
0.00011158093734083616
0.0005908159989717623
0.00016742909713039883
0.007150403817676504
9.875457018727018e-05
0.0007846656407720241
0.003290386110181729
0.00024920406665831623
0.00010745827596410499
0.00013423909555714534
0.1674718334202539
1.4879647721789364e-05
0.0006965158602033802
4.419671646232969e-06
1.096014606361572e-05
3.924580159356587e-06
5.981942500466801e-06
3.3542797814681547e-06
2.2312530698625184e-06
