0.34577492
0.0037684792
0.019279445
0.04616246
0.021176215
0.0022863084
0.0046461
0.0063154805
0.00479694
0.00043294835
0.00089423556
0.0054567973
0.010543657
0.002981581
0.011032565
0.0064005214
0.008797211
0.0012968589
0.26868424
0.086510465
0.0036661844
0.0007416663
0.0012482848
0.00405657
0.27093932
0.8488791
0.9217887
0.20242009
0.0006999382
0.012737913
0.0033110548
0.0059764166
0.0036141977
0.0015020136
0.003939402
0.0023112425
0.019983187
0.005102391
0.001522937
0.020844078
0.01401265
0.0024656702
0.007823325
0.002251677
0.0014706384
0.0011410563
0.03242796
0.0030847052
0.23297258
0.006641808
0.0050700717
0.00405657
0.005157482
0.0061728405
0.0034386725
0.00063339487
0.0038475646
0.0011212234
0.0063920175
0.0199539
0.0054293373
0.0025830225
0.001427012
0.006884524
0.0012950815
0.005920536
0.0041029095
0.009367109
0.0060984786
0.0013923196
0.005196911
0.0031099042
0.0026018212
0.023977028
0.006205584
0.00479694
0.0005131772
0.012916108
0.0050648833
0.050369173
0.009044637
0.060121115
0.6837799
0.0075509534
0.0020445085
0.0061874315
0.0019448403
0.011201177
0.00078284927
0.0005706569
0.0011831907
0.0011249498
0.0009947745
0.0037474069
0.0007504477
0.053046692
0.07092321
0.0063838186
0.046863846
0.0011065202
0.0012334378
0.0009975063
0.0009041202
0.005680103
0.005680103
0.0005095629
0.005680103
0.2093491
0.004600613
0.011482282
0.00808856
0.0013649436
0.8394575
0.033979453
0.1589694
0.010615988
0.83624786
0.016791858
0.0102791535
0.0028347056
0.0044514234
0.11676182
0.0008204921
0.00198855
0.002072327
0.049012024
0.23576783
0.07097818
0.9510943
0.10852682
0.68343174
0.6520934
0.004413544
0.0033024868
0.007433972
0.05734629
0.19045901
0.96212864
0.9628125
0.92214376
0.9833529
0.27543193
0.03156236
0.00056173356
0.015714532
0.07533293
0.023630299
0.012021138
0.05849769
0.7458114
0.004601925
0.002965832
0.0012877665
0.0006078146
0.005711683
0.0024698372
0.0027867707
0.004484368
0.2924341
0.003893376
0.023093507
0.009730479
0.004138912
0.0057167658
0.1728417
0.007895337
0.01993618
0.004631635
0.0019325046
0.6514769
0.0032507465
0.016001195
0.0014358609
0.12048566
0.0061625578
0.003381552
0.0012106916
0.004949745
0.0006298297
0.00096046366
0.0014046049
0.0068965936
0.0017101209
0.0007697421
0.00040973345
0.00882565
0.0010887312
0.0016666586
0.000513205
0.0070571424
0.0008239226
0.000608916
0.001977092
0.0010597995
0.046124835
0.0014380203
0.0011273543
0.0050090486
0.005680103
0.0012317202
0.00072587054
0.00092874985
0.00082604936
0.00060920423
0.00065955427
0.0006209077
0.00088735163
0.03828838
0.0022114
0.01269754
0.0046139588
0.0010356412
0.014355849
0.0012926303
0.0063101803
0.0024541507
0.0016205087
0.0011825451
0.0010375467
0.0005045379
0.0018925285
0.0044249864
0.0057972944
0.005680103
0.38513583
0.7975077
0.8378799
0.005956654
0.020257501
0.00060176686
0.0014513652
0.00093199953
0.0019858473
0.0025741765
0.0005004969
0.000552682
0.011436136
0.014622628
0.00684916
0.07594895
0.29345462
0.00734194
0.021082638
0.003701748
0.0035804743
0.0011842325
0.0011603964
0.00095832144
0.00049837126
0.005680103
0.0016005567
0.0037664892
0.0026694706
0.0007481392
0.009698483
0.0030886657
0.0038401918
0.0008197622
0.0011664595
0.008410933
0.0010519265
0.0047139106
0.004627007
0.00044069215
0.017914737
0.0012802839
0.011523614
0.0014590416
0.0039605564
0.005214545
0.0015963294
0.0010303343
0.0020666902
0.0013655298
0.0018850853
0.0018291798
0.0015980107
0.005680103
0.0020175732
0.0008274536
0.0033579585
0.030214755
0.0007792135
0.0008538858
0.008524866
0.012098767
0.0056438856
0.006211666
0.0054460997
0.0037408737
0.00060590013
0.0020591982
0.0044121696
0.005680103
0.002912498
0.017241541
0.0036716594
0.003787328
0.004779362
0.084647834
0.0010944398
0.15031376
0.0025656815
0.003534722
0.007139283
0.004795652
0.005407046
0.005680103
0.0040782834
0.0047518206
0.030214755
0.0010952615
0.0075078947
0.0015534415
0.0004819928
0.0004325993
0.0021799027
0.0017523466
0.005920536
0.008050092
0.0010331523
0.002385351
0.06813744
0.00045048067
0.0012314005
0.0022441405
0.00045222402
0.001300686
0.0015008893
0.033310074
0.010989855
0.0036488515
0.0014767823
0.0009988173
0.0010002361
0.0047787563
0.00091043767
0.02042378
0.004601925
0.00086786685
0.003657578
0.0043453476
0.0038939554
0.00057175395
0.0027080406
0.001182437
0.0011919463
0.0005437313
0.0006496592
0.00049047224
0.012916521
0.0013846225
0.014053897
0.0006274568
0.0006118398
0.0008078484
0.009100324
0.009642696
0.0037066012
0.00047583893
0.005680103
0.00044378667
0.0043100547
0.0049003134
0.0027424828
0.0011570404
0.0013526826
0.004642703
0.0015959959
0.0004906146
0.001949778
0.00047892184
0.0013934459
0.0010148503
0.00073357736
0.0006169713
0.002291023
0.005680103
0.0007465969
0.0013218096
0.012066096
0.0008049434
0.0013136631
0.005680103
0.0021925662
0.0015965361
0.0047220364
0.00081119745
0.008339362
0.0025894654
0.0023154907
0.12524799
0.0008741906
0.0050194706
0.0020002907
0.006413589
0.0011123122
0.000478583
0.0066016787
0.0020192503
0.0034241697
0.0016066886
0.003310317
0.0024515595
0.0033309273
0.0061424836
0.061745994
0.0013750958
0.0005537466
0.005867766
0.0015338712
0.0011501313
0.0016473548
0.0016845721
0.0021947736
0.0007530456
0.00072833354
0.0013676637
0.0012838733
0.0005376437
0.0028616958
0.0005280096
0.00228156
0.0012950815
0.006149993
0.0033012687
0.0013800274
0.0013869103
0.0020901074
0.0009795523
0.023552874
0.00089701026
0.0018290291
0.0019606722
0.0066418676
0.0025829535
0.05190364
0.006692439
0.0077225263
0.007288305
0.0012719787
0.0008079881
0.00097173854
0.01161889
0.0030841043
0.015573578
0.001352222
0.0010033743
0.004413544
0.0037094569
0.0016139784
0.001295256
0.0007955006
0.035533138
0.005680103
0.0012876635
0.0016284675
0.0013732642
0.009159386
0.0053515746
0.0052451272
0.007360396
0.001954622
0.0013388124
0.0004459547
0.0189968
0.0020214347
0.014133073
0.013194648
0.057113238
0.0016929712
0.0026786535
0.0009457479
0.02062015
0.005013297
0.0011472086
0.00088865333
0.005037686
0.0026193324
0.021079281
0.0008080524
0.11973025
0.030214755
0.0030336443
0.0037843718
0.91868097
0.00089832314
0.0010569748
0.0027257577
0.008710128
0.010136256
0.088407
0.0006496592
0.0004749059
0.060026716
0.001967754
0.00047307104
0.003714772
0.011926648
0.0021873564
0.0006637391
0.0025796243
0.009557751
0.00077412673
0.005698932
0.013107552
0.005920536
0.005920536
0.00048531214
0.019018602
0.0012117034
0.0016017586
0.0015055399
0.0011027519
0.0062016333
0.002553719
0.0011409846
0.0020790969
0.006149993
0.0009684916
0.0011981523
0.0010189207
0.0084000835
0.0015062124
0.005680103
0.00044475225
0.005680103
0.005680103
0.0044069844
0.0006667246
0.0076825786
0.00079127855
0.0028446405
0.002759009
0.0015477077
0.00052796735
0.0021278276
0.005680103
0.0015455025
0.031645037
0.00048591488
0.0014110208
0.0022522244
0.030214755
0.0026048163
0.0018934961
0.005680103
0.010532569
0.0016325566
0.0013242314
0.002960607
0.00089586654
0.005680103
0.00085894554
0.0061728405
0.030867314
0.00067062496
0.0073335837
0.00039913907
0.0034303586
0.003988961
0.0012303225
0.0011359709
0.00294753
0.003126664
0.0032868595
0.005866559
0.0021565608
0.0005572793
0.0005512063
0.0011116449
0.0016022422
0.27692422
0.0028099848
0.0024109327
0.0024739103
0.0007352729
0.005680103
0.000617922
0.0008665109
0.012014004
0.0022310046
0.005680103
0.08266624
0.00062541675
0.005680103
0.0026870538
0.0006177394
0.0009371967
0.0009684505
0.0005643519
0.00047895973
0.0010254395
0.0047928896
0.00241562
0.0022598086
0.002138709
0.008058678
0.0013327637
0.002401924
0.0006276521
0.0018036796
0.0016982615
0.0014136059
0.0029316647
0.0010478082
0.0004581301
0.0038010764
0.0009110994
0.0023704693
0.0013441695
0.00040058457
0.00091442023
0.0013633053
0.0045838575
0.0005031991
0.0056633954
0.0017241422
0.0012545843
0.009511396
0.0009926419
0.023739194
0.0012785656
0.032055173
0.003990415
0.0014186631
0.00094490265
0.0055168346
0.00053208723
0.008911278
0.0072735706
0.0018624025
0.01657404
0.037273105
0.11574755
0.3287276
0.000359069
0.00062262145
0.003486819
0.001984947
0.00080664956
0.005653718
0.00057182834
0.0006876076
0.0016439721
0.0054787733
0.0023184635
0.005976672
0.0008303852
0.0006950152
0.0016429385
0.0016280691
0.0034515122
0.012678319
0.0018726393
0.023365755
0.00040730185
0.0021488357
0.0116879735
0.0011856819
0.03332796
0.001287923
0.0016676148
0.000707164
0.0014723149
0.08868339
0.09240926
0.001731181
0.0026024687
0.0016786603
0.0396854
0.004411539
0.002389093
0.004317499
0.0035895363
0.0044642817
0.0011746807
0.0010653747
0.011273969
0.024853138
0.001184926
0.008797211
0.0029922428
0.02370522
0.013242715
0.009046381
0.09846323
0.00252927
0.0061763898
0.005680103
0.003807586
0.0044871764
0.004844853
0.028455568
0.010881594
0.0014289103
0.0011125061
0.0007638035
0.0013476214
0.0053682765
0.0041780598
0.0014358985
0.0035854368
0.034086138
0.0011978295
0.0010728488
0.0023460134
0.010424244
0.0010081505
0.0020646006
0.001098199
0.0036762655
0.019434934
0.003284077
0.02434136
0.00044003123
0.0007210304
0.030214755
0.003314358
0.005235612
0.010469896
0.00069615734
0.006954753
0.0031106404
0.009252527
0.002649078
0.04529219
0.00075221184
0.0019365703
0.0049107596
0.026576195
0.0052212253
0.0014523842
0.0024575011
0.0028653936
0.001483584
0.0012936322
0.025191905
0.030214755
0.00077067356
0.0014296576
0.002057441
0.004155776
0.0026190546
0.0019809806
0.07692323
0.088957176
0.007916918
0.06760442
0.0008574569
0.0069097187
0.059578992
0.0044871
0.00421778
0.002227458
0.0014023221
0.0013252161
0.0010294293
0.0016129637
0.0022570128
0.0005531468
0.011683729
0.0040158774
0.005680103
0.005680103
0.030214755
0.00070136285
0.008360237
0.001725924
0.0027188538
0.0013296683
0.00080790423
0.00043686002
0.046754032
0.00049837126
0.0013862309
0.0014777031
0.0026996136
0.039727744
0.020289892
0.005680103
0.002204147
0.0059773177
0.007405534
0.0035986376
0.00037458647
0.00054167304
0.00045133385
0.0010727012
0.000692345
0.0007546074
0.003574243
0.019041918
0.0005301425
0.0029438525
0.0031322797
0.0009602467
0.0051928083
0.002055485
0.003803598
0.00073661807
0.0018744709
0.0021403122
0.0035381734
0.030214755
0.075865135
0.03300708
0.005680103
0.0010547759
0.00039644554
0.004045479
0.0022181885
0.0007285876
0.003344426
0.0020225758
0.0012835176
0.0012273496
0.002222564
0.00041117764
0.0015728463
0.005680103
0.9106523
0.00052044017
0.00038399053
0.0008843876
0.0016122528
0.00049769285
0.00621818
0.0048600435
0.0011488753
0.00041840423
0.0011056119
0.008788969
0.008253156
0.005680103
0.050514992
0.0010130217
0.0008328572
0.00081167294
0.0005742019
0.001469664
0.022005884
0.0033840933
0.044192724
0.040891603
0.0012996658
0.0018923825
0.1981079
0.0016069264
0.00048260216
0.002904976
0.011133415
0.0017556747
0.0009883831
0.0011275514
0.0018347794
0.0006618873
0.0069628293
0.0014341322
0.0008504088
0.0021602127
0.0004582633
0.0026192116
0.0006600667
0.006511595
0.0008009143
0.0010803821
0.023850866
0.0010273444
0.0013987136
0.0015825455
0.0043495893
0.011310633
0.007091535
0.015198845
0.0029501112
0.0019184055
0.0020064607
0.0062097055
0.0048352117
0.0038946432
0.0029576018
0.0141999265
0.0005511183
0.0052326326
0.0018848286
0.000359069
0.005680103
0.024697259
0.002322072
0.04824818
0.002476029
0.021245478
0.0011634384
0.004070561
0.01745057
0.04602242
0.0048954813
0.0014722014
0.003780255
0.004173991
0.011080449
0.005680103
0.00089336344
0.030214755
0.0028395702
0.0044084326
0.0005398541
0.024239456
0.003469932
0.08538968
0.000618811
0.0012555246
0.023693392
0.008988364
0.0018567657
0.0035362153
0.0010861797
0.0009939446
0.0005614536
0.0029318808
0.0004956193
0.004098232
0.00096890226
0.0014836786
0.00049326586
0.22459315
0.0007843505
0.45133078
0.015667642
0.078299135
0.0012724549
0.0011084545
0.00091275113
0.0018497858
0.0113956155
0.000537469
0.0362258
0.003077998
0.0042687063
0.08601635
0.0015416817
0.006092992
0.0008010979
0.00047075172
0.0005357282
0.0006978991
0.00092589995
0.0006470214
0.017586626
0.006660307
0.0017272745
0.0007806479
0.03149808
0.0634178
0.027735753
0.11119513
0.0013629866
0.005680103
0.008398935
0.10822834
0.024759945
0.009112048
0.00086510717
0.0055192523
0.0009855307
0.0010971893
0.023235187
0.039534226
0.009753208
0.004954164
0.07232398
0.0026661074
0.007034591
0.0036948484
0.0054608253
0.011423437
0.0060293917
0.0049292417
0.061804887
0.0023316515
0.0016142366
0.0011292278
0.0019507089
0.0016552978
0.08571113
0.0009127198
0.0064587547
0.024651282
0.0060234847
0.005519164
0.00466993
0.11386271
0.0031483267
0.003215529
0.0010117013
0.005680103
0.006190458
0.0052326326
0.0017430078
0.014814067
0.0008072709
0.006216062
0.0073410887
0.005260543
0.006514548
0.0048840125
0.00347303
0.045664854
0.0018641532
0.025403008
0.0013503047
0.001540881
0.012337117
0.0007689946
0.037604988
0.0025843717
0.0008889294
0.0012969101
0.0009567637
0.002771784
0.006707513
0.001237173
0.0027615407
0.0008816519
0.001390591
0.0004594215
0.0054721828
0.0017162609
0.031256303
0.001827334
0.02945373
0.0010467756
0.00087650557
0.009785387
0.19691594
0.0006285282
0.013824022
0.0022369588
0.011849987
0.005196911
0.0012765251
0.0019848675
0.000429813
0.044931397
0.00035125721
0.0019365565
0.0034255206
0.0019308141
0.0013804631
0.0017295922
0.00085322454
0.0016483276
0.0005919585
0.0022418438
0.0014336653
0.0013811877
0.014301871
0.016277354
0.00402181
0.0046648593
0.0024472196
0.0009920095
0.008119116
0.0046886583
0.009129023
0.0042652036
0.001145408
0.0009321043
0.0014396809
0.0082427105
0.0016719891
0.0009976556
0.062450774
0.00067271176
0.0006767832
0.00405657
0.005905739
0.006514656
0.0075137136
0.0060025514
0.0010597995
0.0074029793
0.0004644363
0.010010168
0.005427062
0.00096929056
0.007511491
0.0058882986
0.05409459
0.00045562242
0.0013903639
0.0014578716
0.001526726
0.0009147915
0.0012215892
0.0011440613
0.0009673887
0.004115521
0.0045872442
0.0053378884
0.0013345535
0.006241487
0.00964398
0.0024982186
0.0006644476
0.0046254066
0.0019665472
0.0074589415
0.006753854
0.0010274554
0.0022359001
0.0005341633
0.00233935
0.0021539049
0.001351657
0.0017655551
0.0009301411
0.0012860849
0.0018911778
0.0016650755
0.0010152559
0.0035493423
0.0010069319
0.0013472032
0.0014214687
0.007979758
0.004866604
0.0006538651
0.0023188982
0.008650927
0.0016499221
0.0007825677
0.00089161174
0.061593253
0.0012178116
0.004904684
0.0012420446
0.0017941215
0.0078049507
0.0046719494
0.005680103
0.025649147
0.0032414708
0.58745956
0.0017972395
0.018878544
0.0041660443
0.0012972838
0.027111957
0.0011675262
0.0008827363
0.0018459837
0.0015553338
0.0014607441
0.0025556376
0.00045547524
0.005680103
0.005680103
0.0010765916
0.0025352512
0.00051400205
0.000950908
0.00079896714
0.0006065392
0.0004985143
0.0011295801
0.00044560712
0.00055747107
0.01724087
0.002446365
0.00069026113
0.0023196903
0.005680103
0.0052212253
0.0006211021
0.006260503
0.00770294
0.001070773
0.0051671993
0.0022985176
0.0051382603
0.0030336443
0.0008996299
0.0044767493
0.0021578018
0.002372035
0.0011200514
0.0059308074
0.0039521432
0.009921222
0.0049436633
0.0024825449
0.0021690219
0.0014211878
0.0013071384
0.0014929218
0.0006993968
0.0015458284
0.026012836
0.00090186385
0.005680103
0.0010892401
0.002405915
0.010778079
0.0017462117
0.015826114
0.008408651
0.0012445843
0.009607338
0.008650089
0.0007306903
0.0065671448
0.002454883
0.008896774
0.39357495
0.0042079887
0.004413544
0.0018544428
0.10972648
0.004262317
0.0009550879
0.33804
0.0032172413
0.0025250535
0.0038560615
0.0043053958
0.0016265289
0.00421778
0.0014528717
0.005791822
0.0029144513
0.0043896725
0.0013466862
0.040898114
0.0042812973
0.019319104
0.02134062
0.001492595
0.0057093953
0.0068867737
0.0055816006
0.0031029433
0.0028193048
0.0006648334
0.040433023
0.004878072
0.008702572
0.0014197654
0.0014207101
0.0010056266
0.004323044
0.00727071
0.020525616
0.002462063
0.005769591
0.004600613
0.0069144745
0.0004742321
0.0008386328
0.0007402269
0.0018573055
0.0033862235
0.0077758078
0.00091709156
0.003376874
0.0012754161
0.009164849
0.0007935185
0.03492616
0.0029992242
0.21308368
0.0006635756
0.0014960278
0.0034871357
0.015995009
0.0038971843
0.0060195206
0.0008798191
0.0008492812
0.0009774496
0.00057323294
0.00068048335
0.0024921242
0.0032450396
0.0025607843
0.009530635
0.0053071533
0.0016911508
0.062830806
0.0030738849
0.0009830821
0.04266008
0.032369245
0.0021511621
0.000628669
0.0024537025
0.0063964315
0.001036458
0.0019415821
0.0070526367
0.00089348905
0.005175599
0.0013484964
0.0038973321
0.005813857
0.0070103384
0.0015370923
0.010090848
0.022626242
0.02375967
0.006241975
0.0025177943
0.0011925283
0.005680103
0.0018133578
0.03394618
0.002378152
0.0027306927
0.048649743
0.032018382
0.0009279524
0.0016320943
0.0008355415
0.005680103
0.0013155168
0.00037186334
0.010391192
0.11060655
0.002118484
0.25118878
0.004841567
0.0010208432
0.083271205
0.00072195585
0.006469957
0.0010633761
0.0019026163
0.0015774432
0.00047972164
0.60320264
0.0040454753
0.02731273
0.0029347118
0.002001938
0.0010167403
0.00407613
0.014307458
0.00096991926
0.0029043686
0.0040319357
0.0011748967
0.00048746643
0.0007645011
0.0004396264
0.026482927
0.0010489194
0.0016919803
0.0011780922
0.0005307141
0.0055875317
0.0029585906
0.030888984
0.004932309
0.0017932396
0.0025656011
0.056193553
0.005311162
0.0012362725
0.014577359
0.0027720304
0.0011637848
0.0012352067
0.006666875
0.00097143307
0.0010186936
0.00089342514
0.0030613525
0.009514277
0.00097246474
0.00091832655
0.0009232805
0.003408372
0.14961909
0.0016098391
0.0050137346
0.0012879923
0.0006014239
0.0015730687
0.0031017591
0.0049690683
0.0018013418
0.0021989692
0.00087144616
0.004751931
0.0032899117
0.0026270784
0.06480928
0.0018700048
0.0047971816
0.00077376864
0.0015142694
0.003704209
0.009534393
0.005522619
0.0012124516
0.0010770418
0.0017408644
0.0005476648
0.0111011285
0.004496751
0.01490434
0.00073162746
0.011718683
0.012571215
0.24110208
0.0022243327
0.00470531
0.013199386
0.004696513
0.0011293892
0.00079836126
0.010587573
0.0009563108
0.005920536
0.0028491062
0.005372176
0.01113562
0.007874214
0.0068833567
0.005680103
0.005680103
0.0039695427
0.001099186
0.00044661603
0.09846406
0.011525721
0.013074204
0.012966889
0.024047475
0.0018343262
0.0027962932
0.0031681333
0.0013547112
0.005285975
0.0072244382
0.05112245
0.023759808
0.0032548774
0.106466815
0.002323566
0.004042946
0.005680103
0.0024209425
0.0036521917
0.005680103
0.0011164508
0.0025963082
0.025861377
0.0007850721
0.0009118519
0.001611744
0.13827235
0.0010869302
0.0009888668
0.010377286
0.8317322
0.002150631
0.036582407
0.017671172
0.035626333
0.17573012
0.042471
0.0046416344
0.009485847
0.0011024358
0.0036769975
0.0006024219
0.031055458
0.060564864
0.013397601
0.0016478176
0.0026768413
0.020695226
0.0007703542
0.014634218
0.0021600423
0.0010175311
0.005023995
0.0035948954
0.0012744021
0.009518264
0.0009924287
0.0014400518
0.0008248078
0.0014478286
0.0005022465
0.0032288467
0.0009273213
0.003752714
0.0008806952
0.0033725165
0.0026479205
0.005680103
0.030193832
0.0016316553
0.00037594087
0.0021648977
0.0024961827
0.00057278754
0.01640758
0.0018941667
0.0026816768
0.005195521
0.0024429963
0.0038061105
0.002608786
0.0010261061
0.0035210268
0.0005314385
0.011288297
0.0013882099
0.000630646
0.0053577335
0.47465327
0.0016582798
0.0146480305
0.0026103535
0.0019533285
0.0022338426
0.0019179664
0.002898773
0.0033747307
0.0014640306
0.0012027438
0.0014088053
0.004647386
0.0027355237
0.005511843
0.0014729039
0.0015270517
0.0011685125
0.0063210255
0.0073778005
0.005799331
0.001364716
0.011290027
0.005680103
0.001273138
0.0010864881
0.0012088445
0.010195875
0.007429494
0.03946219
0.009640324
0.0019093379
0.0062540905
0.09387651
0.0006563381
0.0006100418
0.003744666
0.0043750694
0.005638103
0.010290229
0.0028327047
0.0040041995
0.0030034175
0.0016658732
0.016889757
0.0010168953
0.0010711377
0.005817516
0.0072403587
0.024352878
0.007420811
0.29216686
0.0014277195
0.0007313197
0.0033598836
0.0025809703
0.0010861596
0.0019756283
0.009971804
0.015973274
0.009283189
0.0014430734
0.0016434087
0.00324124
0.0020917014
0.02743431
0.0056666485
0.0011962639
0.00405657
0.0026055314
0.004225486
0.019117137
0.084740974
0.019821178
0.0011974633
0.0011868904
0.013583499
0.22021736
0.0012031152
0.0012541381
0.0012333597
0.0016227731
0.0023010143
0.0012708185
0.002436859
0.0020103909
0.0027653896
0.0024598504
0.00050265045
0.00043029283
0.00065906794
0.0031414651
0.005278291
0.003479029
0.0036453512
0.0008150642
0.000436246
0.0070106736
0.037550844
0.002030561
0.005355089
0.0012405596
0.0010019233
0.0023616797
0.0068110405
0.0005813667
0.033233102
0.005680103
0.0017418143
0.004923961
0.00065403775
0.0046280264
0.002470614
0.028868653
0.0046864087
0.0017800581
0.0010997924
0.0044430657
0.009400704
0.00470531
0.05960459
0.005217796
0.0015206641
0.030214755
0.0011272513
0.008952154
0.0011064718
0.005109551
0.59278196
0.0012597614
0.0021699828
0.005431096
0.073123574
0.15957145
0.086063
0.062354673
0.0067707705
0.005680103
0.005680103
0.0011007992
0.0050453637
0.0010930591
0.008792202
0.0042090337
0.0006061407
0.00516336
0.004953786
0.009728829
0.005680103
0.002242023
0.00091790274
0.0009409407
0.15606871
0.005680103
0.00469845
0.0054170024
0.008205994
0.0023369384
0.0026561653
0.002149918
0.0007261023
0.0057242946
0.003452588
0.0010927488
0.0006128422
0.001084044
0.0028338928
0.04835032
0.0034384746
0.0011087148
0.0036769714
0.3522516
0.09994105
0.0017379606
0.00060025253
