0.009192113
0.009543696
0.0023717224
0.0033095414
0.0025899715
0.008537515
0.04604162
0.18062682
0.079457484
0.060044963
0.0023966841
0.011225698
0.036523573
0.0136837615
0.0036874623
0.0019121396
0.04279031
0.009624785
0.0038914517
0.005306997
0.0053327717
0.032255325
0.01724281
0.011333517
0.0033167861
0.003104885
0.010702792
0.0012744452
0.019658407
0.0077395397
0.011819953
0.12495091
0.07766671
0.12310549
0.0058958204
0.0034527078
0.0015595106
0.0021255356
0.013966056
0.15531377
0.0033959164
0.03811479
0.08495904
0.0025282935
0.07057664
0.03421138
0.004552298
0.04675562
0.008928937
0.007803075
0.0071117855
0.028574316
0.0118712345
0.008881327
0.03420954
0.0062944223
0.006372746
0.0028573587
0.0018001632
0.005568575
0.017673
0.0033745014
0.054988377
0.003396764
0.0008124286
0.04367413
0.0037473105
0.054700565
0.004257198
0.0139202885
0.007439392
0.010361612
0.11610265
0.002845314
0.03017637
0.011374613
0.0068195607
0.01406372
0.0014829406
0.0047051758
0.011071764
0.0031974034
0.002474355
0.036244173
0.3337079
0.3581171
0.002028497
0.042368673
0.033375494
0.035027236
0.01858553
0.02409918
0.016965792
0.0024385531
0.020760905
0.0024402055
0.0018427233
0.018155847
0.0016209981
0.009732473
0.0044289916
0.019654691
0.024981469
0.0010987588
0.0010987588
0.04568908
0.0010987588
0.008575203
0.0061007333
0.014043924
0.003234035
0.05854892
0.0034151769
0.0009536272
0.0043847924
0.0013131666
0.0029608447
0.0013004235
0.0032105397
0.0026405563
0.0037901502
0.17180823
0.15827186
0.05680326
0.013134832
0.032311473
0.002449791
0.006146004
0.0028905468
0.0015916055
0.0026752201
0.00087753974
0.03040859
0.0025341962
0.0060324157
0.0013344479
0.000623443
0.0011853065
0.0014468258
0.009275398
0.006189091
0.00073594373
0.0017452801
0.013845478
0.0020175127
0.0023135045
0.0023046876
0.0018273392
0.017423071
0.0031652644
0.029021136
0.032980748
0.022428107
0.024159798
0.014936214
0.0034298354
0.0016587449
0.0015872174
0.0021247952
0.018073296
0.024176288
0.2495239
0.014957305
0.0013165628
0.0011034675
0.0009323793
0.07098662
0.009519145
0.051438227
0.0029156115
0.040862963
0.0018792312
0.010227661
0.004612104
0.015249294
0.0008887292
0.023737293
0.001669092
0.023378145
0.015429326
0.025237257
0.00096710154
0.003103886
0.01428041
0.040052895
0.0009869772
0.006376854
0.009308429
0.008103011
0.2130181
0.025749905
0.01948246
0.06364217
0.028541487
0.0035280588
0.009034959
0.0084481705
0.0011796779
0.0010987588
0.123831406
0.024706574
0.012137813
0.0491951
0.019756064
0.015871579
0.049933366
0.014651604
0.009611744
0.0020228608
0.0071350764
0.015132156
0.0041326904
0.026752068
0.0256997
0.0045645903
0.02756742
0.009109918
0.01906964
0.04487464
0.021202225
0.0075113988
0.013465785
0.043562766
0.0010987588
0.008406687
0.0037694746
0.018395213
0.0013280166
0.00075355713
0.060834795
0.011415024
0.021330774
0.041744143
0.0021439674
0.12908863
0.21378964
0.00947472
0.0018650042
0.0021413034
0.002984324
0.002002241
0.0013741637
0.0016361232
0.008790735
0.006568766
0.0024052947
0.014768511
0.0031145539
0.015898317
0.0010987588
0.013253188
0.0020004676
0.010930711
0.008598162
0.0018650042
0.0093831625
0.012350476
0.008927853
0.021096114
0.0027239863
0.00922126
0.012721091
0.082235575
0.012402279
0.001102105
0.005318263
0.002002241
0.0037499142
0.0035778077
0.006070933
0.012787099
0.0020670865
0.02087782
0.014788048
0.019511644
0.041430958
0.015967047
0.0010987588
0.006865943
0.015609418
0.032142162
0.0009440261
0.008276611
0.0102021955
0.048823077
0.0494783
0.036565
0.07540497
0.028226689
0.0011742925
0.011217227
0.013911109
0.05739767
0.0010987588
0.0056875246
0.04609585
0.008850747
0.003038241
0.020634875
0.00409722
0.010771349
0.0018650042
0.025179708
0.008261594
0.011646784
0.006548
0.0045077656
0.0013430959
0.03108559
0.012651059
0.0009440261
0.016716441
0.0028616523
0.008105828
0.040671375
0.041369162
0.008730272
0.049963932
0.004368863
0.024997456
0.042461663
0.0020355328
0.002802832
0.03870471
0.032109365
0.030473912
0.018331045
0.0028276516
0.00178916
0.0011847346
0.0054503605
0.018256383
0.070704505
0.015251215
0.005714156
0.12153702
0.0068684765
0.004168027
0.01185001
0.043500602
0.03387503
0.038134523
0.038134523
0.06330038
0.092290625
0.003697744
0.012576076
0.054611843
0.056417353
0.07845212
0.034763854
0.007247711
0.0017811828
0.017183706
0.013156085
0.012158756
0.002785144
0.01122863
0.0016380443
0.0051027224
0.0010987588
0.021337729
0.009746845
0.015944982
0.01598869
0.07473443
0.03648249
0.011624291
0.0085178
0.7310718
0.013886718
0.018678682
0.07801578
0.0042366255
0.011141377
0.0468102
0.04385718
0.0010987588
0.09028379
0.013854752
0.0045596487
0.09810272
0.011998913
0.0010987588
0.0017370202
0.012273929
0.007778163
0.0720161
0.027547542
0.002866022
0.021700116
0.005473369
0.022320967
0.002120763
0.004898323
0.001298661
0.051707868
0.009159343
0.0039851647
0.0013507515
0.0021152282
0.0062757074
0.014689756
0.0021725688
0.00073437724
0.0033047807
0.0015693785
0.03247206
0.03237063
0.0056468677
0.012432752
0.0022566477
0.008036619
0.0072610797
0.07601017
0.011286615
0.002972489
0.008018648
0.011093106
0.06870546
0.0023191618
0.050902482
0.0038038113
0.0008124286
0.013161095
0.0220189
0.067287035
0.0012669427
0.009228983
0.0084755365
0.00049412774
0.0032064389
0.004511146
0.011488481
0.0046633095
0.005969721
0.002295079
0.0030379074
0.007943508
0.002699326
0.23607971
0.007742195
0.010550201
0.007268112
0.004750698
0.0021741996
0.044636
0.049721062
0.006766898
0.020711204
0.0035524382
0.018853327
0.056758467
0.0029894558
0.0010987588
0.06635719
0.0078696115
0.038342997
0.0021160357
0.0125726955
0.0052466826
0.0022936172
0.0013621086
0.01602053
0.131428
0.0010229337
0.002009177
0.027442653
0.0014952018
0.004818795
0.017144507
0.0013910659
0.0015177845
0.12643273
0.015128958
0.0029520881
0.015571305
0.0029256342
0.01621659
0.0064105606
0.059836607
0.0019879048
0.0009440261
0.005146059
0.013172421
0.0017986986
0.13771139
0.017249234
0.004419572
0.004482044
0.0029059045
0.0031489162
0.01545819
0.15953386
0.051315855
0.045774754
0.03775581
0.0020364511
0.0027015964
0.013652135
0.06038071
0.005309661
0.009928274
0.002778008
0.004242727
0.0020790484
0.0037122176
0.0016341981
0.12850365
0.0030068448
0.041563425
0.009874478
0.0024558895
0.0321758
0.104083166
0.040958814
0.093091935
0.01865779
0.020041205
0.010575027
0.026575012
0.016487936
0.0013959608
0.0027909412
0.0010987588
0.009465023
0.0010987588
0.0010987588
0.0023819653
0.09744069
0.00095205754
0.063825585
0.008173073
0.0010508918
0.009703765
0.009992048
0.0072566434
0.0010987588
0.0313704
0.021252757
0.043746628
0.067481846
0.005309706
0.0009440261
0.03894116
0.01612116
0.0010987588
0.001113383
0.0026948943
0.005752016
0.0031942255
0.018300511
0.0010987588
0.22601973
0.0031522107
0.0058318656
0.048464045
0.016765608
0.24008046
0.0058256267
0.04321772
0.0154623985
0.010737584
0.030718615
0.043444656
0.0050003766
0.048967727
0.02100646
0.023061913
0.0056891646
0.021840263
0.0345606
0.0032571803
0.013314614
0.023134902
0.025009379
0.045540676
0.0010987588
0.075794175
0.03800069
0.0015856125
0.0010856221
0.0010987588
0.016145227
0.019224502
0.0010987588
0.067374386
0.0046570967
0.01448587
0.002083411
0.016695948
0.014860256
0.004236867
0.00419343
0.018039415
0.07343748
0.004358865
0.026484676
0.045261107
0.22830331
0.21983223
0.008032948
0.03014516
0.083210945
0.008105882
0.0028181926
0.037847634
0.0033650305
0.010298113
0.0008580564
0.04853991
0.079472154
0.047506303
0.02194133
0.024418136
0.023715308
0.00422008
0.0040797284
0.022703854
0.029136065
0.045591276
0.0056388467
0.00515004
0.005945154
0.0017590214
0.006189892
0.020444797
0.039594274
0.36874247
0.013100607
0.0067580617
0.006659856
0.002154236
0.0033913883
0.0016505552
0.00095945294
0.015680796
0.031976122
0.06851841
0.0058724633
0.012400983
0.014681634
0.11777095
0.019740496
0.014296603
0.00857134
0.052695345
0.04189687
0.014096248
0.014738422
0.11334425
0.0372083
0.0016715012
0.11286774
0.012096943
0.007648382
0.003955178
0.012257868
0.0028256248
0.12484864
0.0035819805
0.023920953
0.009098174
0.044489767
0.016292784
0.0026760919
0.0018853293
0.017092718
0.0029568356
0.054272927
0.03987475
0.26882136
0.022659414
0.0067116055
0.003554488
0.010770659
0.011554343
0.035575345
0.0023626518
0.014009705
0.03443317
0.0042032436
0.013451212
0.0015398382
0.0013149662
0.022373285
0.0017310542
0.00092361035
0.004981809
0.0010987588
0.00080414535
0.0020168945
0.0041428665
0.01817457
0.004673089
0.016317166
0.00806829
0.02635098
0.013801113
0.001357848
0.33823553
0.05462654
0.0033611963
0.0072466475
0.010479282
0.015453884
0.007420038
0.004056223
0.023198979
0.062504314
0.011821479
0.0033504553
0.0042708353
0.0109123895
0.030589275
0.0631961
0.024371607
0.0009440261
0.02180267
0.030132804
0.002002241
0.015886938
0.008118839
0.010398373
0.105483264
0.0076805754
0.0027099934
0.066931464
0.0060006087
0.0019142112
0.0012311642
0.008309497
0.013462549
0.0035808147
0.113742456
0.05383654
0.0060839285
0.011437932
0.0009440261
0.040981248
0.014851868
0.008274344
0.0093049165
0.005366133
0.008698904
0.012468551
0.000841549
0.016118793
0.0022338787
0.01876716
0.0074104317
0.0052218023
0.02478813
0.11370768
0.0016447165
0.012321944
0.03032536
0.0075127315
0.004570904
0.0037657088
0.004253993
0.022958918
0.0058060675
0.0010987588
0.0010987588
0.0009440261
0.014757114
0.0009936539
0.0052784015
0.0029877566
0.0035198608
0.012205016
0.015450744
0.07171652
0.012765219
0.014198172
0.025032403
0.010187135
0.0021414491
0.031847414
0.0010987588
0.008015023
0.015185526
0.0013162827
0.0012219278
0.01679363
0.017441006
0.054206036
0.017457873
0.008336618
0.019023774
0.0037252728
0.0026454949
0.021358404
0.012198183
0.14853485
0.018858073
0.0074847457
0.009362977
0.017818747
0.013514846
0.090706676
0.001415217
0.0018559607
0.0009440261
0.0018858506
0.0021816262
0.0010987588
0.016040869
0.005525983
0.005537517
0.008086467
0.013025253
0.010978324
0.010613569
0.025483545
0.18684131
0.086680956
0.021595955
0.010368225
0.0010987588
0.00083053205
0.03888877
0.20258082
0.047503732
0.113209344
0.16354395
0.004301042
0.0007117972
0.06162128
0.042324718
0.0025870637
0.0005905452
0.0077365995
0.0010987588
0.0031196005
0.02209606
0.027735827
0.010530443
0.013031004
0.0037193827
0.0037505664
0.019791152
0.006844666
0.0016612586
0.0031159385
0.03114322
0.003943608
0.007171434
0.16375308
0.051685665
0.11546775
0.00872804
0.014847913
0.061600238
0.022483993
0.037707306
0.02489224
0.12185972
0.0042976737
0.0393329
0.012331616
0.015567526
0.0033326088
0.25841543
0.1625627
0.13829407
0.010150265
0.055798903
0.014872107
0.008439947
0.047353327
0.0024929757
0.0017926132
0.0035532634
0.0016512743
0.001268446
0.020904249
0.0026339605
0.010384139
0.0071922825
0.001680368
0.05654956
0.03465898
0.00096710154
0.0024762647
0.03400132
0.00095977343
0.002002241
0.0020270073
0.0044059805
0.014228169
0.00499754
0.019986017
0.0006126407
0.024601895
0.087976746
0.014416591
0.08674818
0.006062241
0.12967722
0.021682914
0.0010987588
0.010714728
0.0009440261
0.0027109873
0.03966655
0.023629539
0.009648787
0.0039892173
0.043648086
0.016329026
0.043026835
0.00113827
0.0034913435
0.0014815235
0.0026300186
0.011431366
0.016317587
0.024076454
0.0054029757
0.058496397
0.14638695
0.050511725
0.004515015
0.047327083
0.0027566904
0.0072609116
0.006332183
0.0028489465
0.0012767026
0.0039576734
0.06432454
0.0071236207
0.017546263
0.0061954176
0.011860948
0.05595389
0.0042540194
0.0046120016
0.0047818506
0.0020807954
0.004260959
0.047111783
0.043042634
0.05927499
0.18047348
0.017522056
0.04210265
0.0063124085
0.001026322
0.0086372215
0.00901434
0.08583958
0.0044955215
0.0018276941
0.0033721607
0.012695538
0.0025799726
0.000530329
0.0011085876
0.0006293578
0.021995753
0.009645174
0.01831432
0.035586473
0.0015295037
0.0008328215
0.0017096179
0.0031662274
0.0019613302
0.100770764
0.0038876885
0.0118919825
0.0016884024
0.0034357063
0.0022282752
0.005532997
0.00882236
0.0036953944
0.001247369
0.012214063
0.0038387782
0.0012201279
0.05234695
0.075230755
0.012208466
0.0013605723
0.05781182
0.0016291576
0.005329586
0.012030361
0.002052998
0.0012073979
0.0024247942
0.0021428037
0.0010987588
0.0015470919
0.00096710154
0.010079386
0.002196608
0.0047992035
0.0177703
0.006150511
0.0012607871
0.0010111482
0.0013108042
0.00094046886
0.004128418
0.0013197409
0.017814515
0.0036036957
0.019126026
0.06622618
0.20946015
0.018661506
0.019892098
0.015608544
0.012370746
0.01300846
0.010818398
0.01417268
0.024816992
0.033131182
0.02851387
0.14963032
0.27209112
0.02120997
0.0033736804
0.015394029
0.003975907
0.006795999
0.00961752
0.0035849905
0.01066707
0.00361745
0.006146059
0.006254689
0.003095821
0.0047003035
0.010267264
0.01163771
0.013239375
0.116468534
0.08906107
0.0982393
0.010936976
0.05237897
0.07695974
0.061998747
0.003122654
0.016951729
0.017766763
0.00879798
0.0047623636
0.004784922
0.014813712
0.08572722
0.008209359
0.0012607451
0.0013587077
0.056128517
0.008382994
0.012317559
0.01772797
0.014094253
0.003996114
0.032378588
0.008220102
0.019258263
0.0012738354
0.0073184753
0.12596074
0.010042499
0.009960479
0.017274601
0.0109258825
0.0009666258
0.008107795
0.016075127
0.0024156934
0.028541487
0.0027618664
0.21893151
0.003923977
0.006437209
0.010812775
0.0021182287
0.01905787
0.0034833082
0.012599783
0.033881802
0.005073989
0.047854524
0.019967915
0.022608753
0.022079663
0.011160772
0.06063669
0.020279251
0.0983579
0.0017012284
0.0021577629
0.0030244412
0.00097104494
0.012644622
0.0025708484
0.03215988
0.008605539
0.00695285
0.016479138
0.0039078533
0.0806004
0.0058957953
0.02509112
0.009122969
0.018048994
0.0067068324
0.013520969
0.009091092
0.0017404989
0.015479459
0.011684807
0.0021716417
0.036256477
0.018340483
0.003486554
0.037609782
0.010336402
0.0015720872
0.0009862488
0.028019724
0.0032489581
0.072552435
0.0024420053
0.0075359885
0.0085697
0.005274342
0.0071481066
0.0065147234
0.010028391
0.0010987588
0.003471291
0.013329073
0.000980345
0.0058625476
0.001589169
0.014804388
0.010111203
0.016693193
0.007710029
0.012528634
0.0017749132
0.007174412
0.015238379
0.009608377
0.050399646
0.0010987588
0.0010987588
0.0051126475
0.004634139
0.0041176616
0.021157317
0.004462428
0.019071924
0.03020015
0.009641252
0.00731586
0.019704897
0.003700561
0.06508991
0.026236404
0.0089066215
0.0010987588
0.001993216
0.026802309
0.0019667326
0.0063430825
0.09822841
0.0121404715
0.015896676
0.004898063
0.0129829915
0.022441419
0.08998394
0.024439983
0.0005956364
0.00849709
0.037457243
0.0071410374
0.023573438
0.025968662
0.0009633344
0.020451067
0.0026192414
0.0024809465
0.009462131
0.04948475
0.0014024937
0.0074004773
0.050630353
0.0010987588
0.0023021826
0.022887815
0.016747545
0.02340275
0.005912086
0.024062319
0.002549252
0.00136748
0.00092361035
0.0022704364
0.001699468
0.004114749
0.0082057575
0.0018443941
0.0321917
0.00681074
0.0063678925
0.008676986
0.005957337
0.0022495408
0.003144713
0.018286804
0.07467129
0.058795106
0.04406616
0.0060983254
0.014387346
0.0028101811
0.0018944644
0.0021909727
0.426725
0.032411586
0.010597938
0.005105374
0.011389159
0.007954646
0.054518886
0.0018451913
0.005959721
0.088080235
0.0073747705
0.011534454
0.028345019
0.020085689
0.020956201
0.0038723142
0.0074549606
0.055148244
0.04556963
0.0016252022
0.0023497383
0.001489667
0.0088623
0.031060953
0.005495677
0.012540379
0.0071560713
0.014365629
0.0572505
0.013965543
0.048845813
0.019100191
0.00603024
0.006650736
0.014588151
0.008134144
0.031649597
0.00094452593
0.056536395
0.002898809
0.020189002
0.010394502
0.0076405792
0.0012472133
0.070203125
0.038521927
0.0042579155
0.105773866
0.03046904
0.06840481
0.047282375
0.0028659087
0.0021276728
0.06420036
0.008507646
0.005576809
0.0019301774
0.009633057
0.002747413
0.02129937
0.00542656
0.0012173344
0.01733143
0.014164373
0.13492788
0.0008782441
0.008467854
0.0021266758
0.0012012578
0.009067527
0.028005127
0.0143408375
0.107939966
0.002286354
0.0031255246
0.0043644784
0.0006350127
0.0013527174
0.0010639922
0.000817373
0.004191447
0.03618909
0.0010987588
0.0018484489
0.013168064
0.005672535
0.001548217
0.0032778925
0.0036046014
0.09316519
0.04075261
0.014169348
0.0010987588
0.019351963
0.100370236
0.00066876225
0.000735454
0.0014015763
0.0013795057
0.0034557986
0.02968659
0.0014116613
0.025526477
0.0798316
0.06597986
0.059562467
0.0070133526
0.15076914
0.0064101717
0.006575998
0.0075616986
0.0012828447
0.0025564947
0.09959627
0.017627528
0.00186435
0.06862997
0.012125492
0.00759664
0.018699547
0.061953712
0.010541772
0.015005259
0.0032047294
0.0073454753
0.008123971
0.0071288394
0.04170123
0.00060685776
0.002147034
0.008254565
0.001738438
0.0026225918
0.00074998906
0.015543678
0.0028455239
0.006667361
0.00083283935
0.0018451246
0.010601519
0.0074815196
0.001723448
0.012067132
0.096484795
0.24350986
0.007027487
0.014094544
0.06112824
0.016189279
0.027889686
0.002284534
0.003106581
0.026106037
0.0031652101
0.007425649
0.050047353
0.019198384
0.0062689045
0.17531256
0.004825145
0.0068253023
0.09491224
0.0031413648
0.014138423
0.011635038
0.0022755503
0.019057294
0.008000568
0.013493489
0.0050337845
0.0018234757
0.003196484
0.00249989
0.000998751
0.0033304398
0.083830856
0.011624734
0.0012096358
0.00254089
0.003601592
0.02083365
0.008562657
0.00092926674
0.0011081869
0.0045469836
0.011671648
0.0009798318
0.0021455837
0.0041507
0.04075258
0.0009918918
0.0033900265
0.0023470058
0.005109081
0.014348565
0.016630553
0.015877226
0.010684823
0.0010987588
0.0010987588
0.0015657956
0.007540205
0.0862403
0.002216533
0.02909477
0.001205155
0.00081890257
0.0067001935
0.0011115109
0.007755592
0.012152584
0.0043452526
0.0026734332
0.001868488
0.0027368418
0.0006964221
0.003533362
0.009909243
0.004629872
0.00083336444
0.0010987588
0.0009208776
0.0019152663
0.0010987588
0.04004756
0.010840418
0.019292807
0.014880674
0.030584786
0.0250989
0.001859346
0.0034214957
0.06822914
0.0077913105
0.003139281
0.01231974
0.041196667
0.004428727
0.008294759
0.0049276287
0.010007805
0.0021073672
0.0017069019
0.01900267
0.0041903662
0.007518885
0.0034745024
0.06473662
0.065287
0.0020277654
0.0019507246
0.012198597
0.014935751
0.006531983
0.010949069
0.008628811
0.004303015
0.015017103
0.018411705
0.015144299
0.0046861554
0.024743145
0.025124097
0.025235174
0.019632192
0.0033232775
0.14640827
0.040761296
0.0055329683
0.04811687
0.058907427
0.0010987588
0.0054172953
0.0046970923
0.006693577
0.04891403
0.0110002095
0.04216116
0.0014360278
0.0016142213
0.0073898444
0.002936233
0.0022489459
0.0053294166
0.006946074
0.0074785626
0.0015809475
0.09016186
0.0017789426
0.014983356
0.019655922
0.0048782015
0.0071308417
0.005622371
0.0040793526
0.011180688
0.01871653
0.0116978325
0.021832986
0.006061241
0.0021372044
0.01309201
0.03187081
0.0022507259
0.001594124
0.004730127
0.0015907079
0.0097474065
0.023817152
0.008786764
0.0024451623
0.014387346
0.010024562
0.0155731235
0.005761642
0.0010987588
0.013365224
0.024398942
0.023775961
0.005886424
0.010442306
0.0039333403
0.0014468471
0.011240824
0.0019864787
0.0025081497
0.0064533344
0.009740813
0.011027077
0.0016024369
0.008891696
0.0042151394
0.0103888735
0.0689275
0.0011076271
0.007925927
0.0027555262
0.0018032847
0.016584566
0.013226387
0.011671429
0.012819838
0.003652551
0.00393987
0.008959006
0.07962649
0.048667643
0.0013418646
0.02247034
0.016375681
0.00158288
0.040867858
0.018196378
0.027166907
0.012658619
0.09123455
0.07372669
0.025512312
0.0017153852
0.013623853
0.06541015
0.013576171
0.0008362472
0.00079045066
0.005665152
0.00063885254
0.011702144
0.0028395797
0.0026724036
0.0016736884
0.0100373095
0.0028176338
0.010717685
0.003401893
0.006121664
0.012413838
0.0052511194
0.0025122066
0.022760905
0.023584597
0.012942525
0.009986658
0.01248218
0.008023914
0.0012749983
0.01959843
0.039556555
0.028338045
0.23494183
0.014999015
0.0018650042
0.02132552
0.0058989823
0.007193192
0.038476467
0.002153293
0.006602767
0.0078732455
0.00844867
0.0010987588
0.0087105315
0.011371289
0.025361804
0.0074103307
0.04324123
0.009096184
0.0011796779
0.0044868533
0.029440898
0.0024195127
0.0014107004
0.0093560135
0.0006025608
0.001091555
0.0019874743
0.0009440261
0.0034529276
0.0042535104
0.013392143
0.0025117898
0.001539501
0.0078135
0.0035320492
0.07875926
0.003293405
0.006370787
0.007983809
0.018746654
0.0031164289
0.0010987588
0.0010987588
0.025266888
0.0036881983
0.0063836523
0.0021171041
0.0100608375
0.0073429723
0.0059883767
0.002658536
0.0033913478
0.0010987588
0.0019163577
0.02918414
0.011795872
0.0045302548
0.0010987588
0.010138089
0.0063874647
0.044452723
0.016247328
0.05740121
0.013067298
0.037561297
0.015612671
0.010882369
0.027393565
0.0736879
0.016633125
0.0072723003
0.015814131
0.05886261
0.009076717
0.023266813
0.000507438
0.001123413
0.009676301
0.011791281
