0.0012490335
0.003561446
0.007958139
0.0006265148
0.0014268319
0.13192424
0.012055591
0.00021830761
0.000296002
0.0028051415
0.0005526983
0.008259149
0.0031446845
0.0013713953
0.0053819763
0.00073014176
0.009729868
0.0009017551
0.048998293
0.0049889497
0.0007324384
0.00045066193
0.0069418256
0.007848426
0.0068354886
0.030523194
0.006252689
0.00077452953
0.0018585986
0.0021233954
0.0029372424
0.0010099501
0.0032802767
0.0003784425
0.0011924431
0.0021144485
0.00067915325
0.0005334894
0.00023400526
0.004406867
0.0013073051
0.0003272812
0.00024703846
0.0037186584
0.00026037032
0.00023622747
0.010652194
0.10303353
0.0017354938
0.0030234507
0.0056709647
0.0013805992
8.728557e-05
0.0012687849
0.00013188833
0.00010804616
0.000361497
0.00022256399
0.005498054
0.0004587264
0.00015688346
0.00095115905
0.0003204348
0.00026277793
0.0016169456
0.0015707443
0.0026026107
0.0018296343
0.0011101131
0.00039473138
0.0038591395
0.0016834041
0.0010629846
0.00063372304
0.007447551
0.00027754495
0.00083052047
0.00393549
0.010899998
0.82576346
0.0030904512
0.00057333487
0.06150433
0.0027374094
0.0013529055
0.001035183
0.0008656984
0.00063586934
0.00019012632
0.00038612838
0.009719307
0.001376526
0.002501905
0.0049235295
0.0013354892
0.0007968298
0.0020534766
0.0004125131
0.0001638061
0.45174217
0.067837015
0.0009404541
0.00024450634
0.002641942
0.0009120982
0.0006057823
0.0003940103
0.1525946
0.0031098109
0.0006805083
0.000429383
0.00084782334
0.9912856
0.010518912
0.0033385346
0.0016793006
0.0085256845
0.010294664
0.00057689566
0.0011331987
0.0028440412
0.0021824308
0.0006118562
0.0008629843
0.001968375
0.0001461654
0.68782455
0.06370087
0.9979539
0.028729936
0.9942861
0.5541677
0.00021786075
0.0006325455
0.0075796153
0.00030023284
0.71470726
0.9727533
0.99375856
0.591852
0.9859482
0.087457836
0.002234725
0.00091327704
0.0021157125
0.0002969857
0.00033098314
8.129955e-05
0.7577106
0.9634903
0.019966142
0.0045364243
0.00014411082
0.0035817963
0.00025317617
0.0025095278
0.0015507864
0.0019934543
0.00080764556
0.0004768796
0.00014049311
0.0003747751
0.0019310161
0.0023118793
0.000708686
0.0010455502
0.00010908534
0.00011519364
0.0010165094
0.086222775
0.00023148967
0.0011221878
0.018511677
0.0027843546
0.0045177676
0.00056613033
0.0011260611
0.02280042
0.0010028677
0.000406645
0.0008801675
0.14354277
0.0014087672
0.0032955157
0.00016273826
0.0004948609
0.0006794235
0.0013415094
0.00015655797
0.001158526
0.00013583944
8.47382e-05
0.0017778362
0.0001358783
0.0002582577
0.00033377195
0.00025769224
0.00045677656
0.00030422787
0.00016574204
0.0008715205
0.000986808
0.00019001758
0.0006821192
0.0008637037
0.0032625366
0.0056061703
0.00047266897
0.0005771261
0.0006609235
0.0005222893
0.00018343057
0.0025834132
8.7061126e-05
0.00013642864
0.0004281615
0.0040500695
0.0007538175
0.00056861975
0.00041785475
0.0129962405
0.00032868076
0.0005024988
0.00036543392
0.015809597
0.9673683
0.97436494
0.008290798
0.00080372207
0.00030432476
4.8963804e-05
0.00024939986
0.0015383682
0.0003129719
0.0003304793
0.0001755759
0.0002606505
0.00020861995
0.004369174
0.0013694011
0.00047969146
0.0005147495
0.00072744145
0.0003146098
0.0041792165
0.00018655881
8.4681174e-05
0.00024401938
0.0002206663
0.0023698234
4.3618413e-05
0.00037685086
0.00028846532
5.224619e-05
0.00048310016
7.070417e-05
0.024998084
0.0015965399
0.060617328
0.0010912083
0.0007592649
0.0003242497
0.00021127026
0.00014593994
0.0006200059
0.00041561358
0.0034944986
0.07647525
0.007706783
6.017318e-05
0.0013079441
0.0019549811
0.001033206
0.008561528
0.0012210575
0.00049688824
0.0001826494
0.0016833936
0.025445832
0.0027800233
4.079988e-05
0.00027782374
0.00018071439
0.0004508529
0.00016469536
0.0002689917
0.0002031897
8.1343445e-05
0.0004044262
0.0005482788
0.00031550758
0.00034273608
0.0001951115
0.00016937619
0.0039302143
0.0022158425
0.00043487106
0.00029083856
0.0008843084
0.00030432476
0.00023619436
0.00020573319
0.0002249826
0.00015055205
0.00014679729
0.0002938913
0.6607238
0.05184244
0.00208197
0.2243356
0.0022773405
0.00015399349
0.00082882354
0.0001866978
0.00019001216
8.6896485e-05
7.5446085e-05
0.00070922414
0.0007475794
0.00019943606
0.00041216955
0.004453829
0.003187487
0.0006454899
0.00053490134
0.0004091152
0.00020380536
0.0005653899
0.00012462104
0.0049426854
0.0009788302
0.00023353964
0.00015002354
0.00017522903
0.0003527892
0.0003258394
0.0004907203
0.0006351174
0.00020875843
8.712499e-05
0.008270925
0.00031870458
0.00021347926
0.00047343533
0.00039528738
0.0004646936
0.00021504372
0.0003266752
0.00051569263
0.00058686326
0.042751145
0.0002436381
0.031752463
0.00021154662
0.0014144953
0.00046301231
0.0004029492
0.04451732
0.00019262052
0.014987615
0.00029575065
0.005163269
0.00064526696
0.0007551019
0.0016550936
0.00028811322
0.0003143028
0.0013895446
0.07765203
6.832923e-05
0.00013809229
0.0003099476
0.000258253
0.001874784
0.009612997
0.00031557077
0.00017098786
0.005158108
0.0052732164
0.00057350675
0.00024153707
0.00030547296
0.000117861986
0.00077845535
0.0011800673
0.000419307
0.00021203126
0.00020666943
0.0010255118
0.0013438764
0.00014640742
0.00053364807
0.00035187977
0.004844651
0.00020046234
0.002984812
0.0003948505
0.00016097225
0.016475737
0.004521771
0.00012391528
0.00027596735
0.031161642
0.0067336136
0.0005375994
0.00013207308
0.00153385
8.218348e-05
0.0004491009
0.0017395589
0.0002530297
0.00024602117
0.00023375195
0.00034004514
0.0002074641
0.0013536859
0.00053793075
0.04033054
0.00018244957
0.0005948212
0.0040501985
0.00022945201
0.0023294287
0.0018616883
0.0010007928
0.0002709851
0.0014020095
0.0022287152
0.00046016465
5.6574223e-05
0.0005140349
7.041592e-05
4.916115e-05
0.004374492
0.0010662235
0.00041122214
0.0003068732
0.005354657
0.010629374
0.00065524277
0.0021233954
0.010468888
0.0006808232
0.0014752911
0.010742118
0.010701964
0.0002161348
0.0013381477
0.30595586
0.0004899454
0.004843883
0.00065481797
0.0001228954
0.06342906
0.0010765453
0.00039412995
0.00045253063
5.6670386e-05
0.0003401951
0.0020200603
9.936806e-05
0.0013229027
0.59916115
0.028604422
0.00030096996
0.0032479574
0.0062124515
0.04199013
0.00020482403
0.00090152235
0.0024297892
0.0011195963
0.077672824
0.00081628177
0.0225062
0.0018768973
0.0021233954
0.0021233954
0.048760988
0.00017882886
0.0021233954
0.00047687144
0.00076952064
0.037593193
0.0011192834
0.0021233954
0.0021233954
0.0039296187
0.00034849794
0.0021233954
0.0021233954
0.0021233954
0.0021233954
0.0021233954
0.0021233954
0.0021233954
0.0021233954
0.0021233954
0.0021233954
0.0021233954
0.0021233954
0.0021233954
0.0021233954
0.00014301842
0.0021233954
0.0021233954
0.0021233954
0.0021233954
0.0021233954
0.0021233954
0.0021233954
0.00080095476
0.0022312042
0.0021233954
0.0021233954
0.0021233954
0.0021233954
0.0021233954
0.0021233954
0.0021233954
0.0021233954
0.0021233954
0.000700402
0.0021233954
0.0021233954
0.0021233954
0.0021233954
0.0021233954
0.00095221534
0.0021233954
0.0021233954
0.0021233954
0.0021233954
0.0015618964
0.0021233954
0.0021233954
0.01332286
0.0021233954
0.0021233954
0.0021233954
0.0021233954
0.0021233954
0.0021233954
0.0031403943
0.0021233954
0.0021233954
0.0021233954
0.0021233954
0.0021233954
0.0008717426
0.0002837113
0.0021233954
0.0021233954
0.0021233954
0.0021233954
0.0021233954
0.0021233954
0.0021233954
0.0021233954
0.0021233954
0.10412639
0.0021233954
0.0021233954
0.0021233954
0.0021233954
0.0021233954
0.0021233954
0.0021233954
0.0021233954
0.0021233954
0.0021233954
0.0021233954
0.0021233954
0.0021233954
0.0021233954
0.0010687644
0.0021233954
0.0021233954
0.0021233954
0.0021233954
0.0021233954
0.0021233954
0.0021233954
0.0017289426
0.00021059853
0.0021233954
0.0021233954
0.0021233954
0.0021233954
0.0021233954
0.0021233954
0.0021233954
0.0021233954
0.0021233954
0.37171707
0.0021233954
0.0021233954
0.00054565957
0.0021233954
0.0021233954
0.0021233954
0.0021233954
0.0021233954
0.0021233954
0.0021233954
0.0021233954
0.0021233954
0.0021233954
0.00023309363
0.0021233954
0.0021233954
0.0021233954
0.0021233954
0.0021233954
0.0002310956
0.0021233954
0.0021233954
0.0003386679
0.0021233954
0.0021233954
0.0021233954
0.0021233954
0.0009587178
0.0021233954
0.0021233954
0.0021233954
0.0062649935
0.0021233954
0.0021233954
0.0021233954
0.0021233954
0.0021233954
0.0021233954
0.00032525716
0.0021233954
0.0021233954
0.0028146035
0.0021233954
0.00068076194
0.0021233954
0.0005276436
0.0021233954
0.0021233954
0.0021233954
0.0021233954
6.389217e-05
0.0021233954
0.0021233954
0.0021233954
0.0021233954
0.0021233954
0.0021233954
0.0021233954
0.029121937
0.0021233954
0.0021233954
0.0021233954
0.0021233954
0.0021233954
0.0021233954
0.0021233954
0.0021233954
0.0021233954
0.0021233954
0.00043361104
0.0021233954
0.0021233954
5.327538e-05
0.0021233954
7.780185e-05
0.00027327499
0.0021233954
0.0021233954
0.0021233954
0.002044128
0.0005951367
0.0021233954
0.0021233954
0.0021233954
0.0021233954
0.0021233954
0.0036908886
0.005236233
0.00031932868
0.0033753915
0.00030558658
0.0021233954
0.0021233954
0.0021233954
0.0034447075
0.060391586
0.0021233954
0.00059269695
0.0003992502
0.0021233954
0.00068002596
0.0021233954
0.0014228623
0.0021233954
0.0021233954
0.00025306348
8.690502e-05
0.0021233954
0.0021233954
0.0021233954
0.0021233954
0.0021233954
0.0021233954
0.0021233954
0.0021233954
0.0021233954
0.0014123545
0.0021233954
0.0025142543
7.6448116e-05
0.0021233954
0.0021233954
0.00020703055
0.0060084355
0.0021233954
0.0021233954
0.000573201
0.0053973105
0.0021233954
0.00022896007
0.00019397997
0.0021233954
0.0021233954
0.00025828846
0.014308756
0.08395729
0.0021233954
0.0021233954
0.00027899086
0.00047455495
0.00020707754
0.0004595897
0.0021233954
0.0022110487
0.0021233954
0.00018059157
0.000113448485
0.0021233954
0.0021233954
0.03747091
0.0021233954
0.05134977
0.0021233954
0.0021233954
0.0021233954
0.0021233954
0.0021233954
0.0025671232
0.0021233954
0.0021233954
0.0021233954
0.0021233954
0.0010921635
0.0021233954
0.0034606906
0.0009462139
0.0021233954
0.0014451651
0.0021233954
0.0021233954
0.005378667
0.0021233954
0.00028978154
0.00079135015
0.0021233954
0.0021233954
0.00012690695
0.00015694075
0.0001828484
0.00023975475
0.0031417666
0.029299602
0.0021233954
0.0021233954
0.0008041622
7.6634824e-05
0.0021233954
0.00990027
0.0021233954
0.0006522518
0.00033256147
0.00018760252
0.0021233954
0.00072420365
0.0012619519
0.0021233954
0.0021233954
0.017957462
0.00014472059
0.0021233954
0.0002855977
0.000110540954
0.00771566
0.0016442656
0.0021233954
0.00015921009
0.0021233954
0.5233213
0.000312883
0.00023677743
0.0021233954
0.0003515787
0.0021233954
0.00027190588
0.0008645818
0.0014297331
0.0021233954
0.0021233954
0.0021290143
0.0033221073
0.00055572327
0.00023263559
0.0021233954
0.00013352603
0.0021233954
0.0021233954
0.000784915
0.0021233954
0.00020707754
0.0021233954
0.0021233954
0.00045669387
0.018349808
0.0021233954
0.0021233954
0.00021997394
0.015754743
0.0021233954
0.0008524696
0.00010144597
0.0021233954
0.0021233954
0.0021233954
0.0021233954
0.0018472061
0.0021233954
0.00504697
0.0021233954
0.00091856596
0.010757801
0.0013012685
0.00067449
0.030444821
0.0021233954
0.0021233954
0.0021233954
0.001191596
0.0021233954
0.0021233954
0.0021233954
0.018596504
0.0021233954
0.0021233954
0.0021233954
0.003940379
0.0021233954
0.0021233954
0.00034330113
0.0021233954
0.0021233954
0.0021233954
0.0021233954
0.14840457
7.788826e-05
0.00012307576
0.0021233954
0.0015282532
0.0016406914
0.0021233954
0.00018687287
0.0024305591
0.00081692956
0.0005193982
0.0022500558
0.0003631399
0.0021233954
0.0021233954
0.0005428316
0.0021233954
0.00016944969
0.0021233954
0.00046220623
0.0021233954
0.0021233954
0.0021233954
0.00071722415
0.0005797247
0.0021233954
0.0021233954
0.0014964167
0.00039726365
0.0008645818
0.0009984614
0.00017833915
0.00015056296
0.0021233954
0.00072880706
0.0021233954
0.0002353756
0.0047281133
0.0021233954
0.00022650024
0.00016003015
0.023653673
0.0021233954
0.0004532304
0.0032343762
0.0021233954
0.00048590094
0.0006952606
0.00043467584
0.0021233954
0.017167976
0.020516785
8.00335e-05
0.01401031
0.00015965322
0.0021233954
0.0021233954
5.114901e-05
0.0011515663
0.00041437338
0.00020283565
0.0008391136
0.00032061661
0.006363899
0.0006883787
0.0021233954
0.00082687667
0.00080655236
0.0003342821
0.00060820667
0.00021227197
0.0011181441
0.00020666885
0.0021233954
0.0002537731
9.2869566e-05
0.0021233954
0.00018819734
0.00083749363
0.0004328798
9.2141476e-05
0.001080309
0.005376129
0.00332609
0.0021233954
0.0004087252
0.0021233954
0.0021233954
0.003111294
0.0021233954
0.00011184468
0.0021233954
0.00046545503
0.0021233954
0.006312387
0.0021233954
0.0021233954
0.00042977836
0.0021233954
0.0021233954
0.0037198826
0.004002342
0.0010000098
0.0060351384
0.00069834746
0.0021233954
0.001636501
0.009417455
0.0017419908
0.00022546986
0.0001374845
0.0006318228
0.0021233954
0.00015097269
0.0009102543
0.0022445216
0.00042010096
0.0042409003
0.00024084693
0.00021057844
0.0031824245
0.0012984928
0.035043098
0.00055636454
0.026198769
0.0021233954
8.785391e-05
0.003736265
0.0021233954
0.0006194675
0.016715366
0.00021631479
0.0013057671
0.00061648694
0.0011341781
0.0009228443
0.0019072227
0.006907609
0.00020730235
0.0029290135
0.00078346865
0.0021233954
0.0011803372
0.0021233954
0.00012211461
0.0021233954
0.00025995285
0.00011364218
0.009735806
0.00051192916
0.0002500532
0.00044162996
0.00027642553
0.00017775428
0.00057284517
0.00025166647
0.00153812
0.00093010295
0.00012610307
0.000610549
0.010177518
0.00044264845
0.00016193213
0.00013251587
0.00016869971
0.0021233954
0.0001349557
0.0017118076
0.0021233954
0.00021550184
0.00013988662
0.001829198
0.0003832162
0.00010130261
0.0011692413
0.0009935782
0.0007171206
0.0032072025
0.001174486
0.0003142267
0.003517236
0.003544091
0.00017952609
0.0002944239
0.0011526764
0.0007682333
0.00037561456
0.00062837155
0.0002152433
0.0002853468
0.0016110828
0.005127809
0.0021233954
0.00062709604
0.00016511425
0.00018965502
0.00051239366
0.011853199
0.00065044226
0.00021630489
0.00035552096
0.00074135326
8.923592e-05
0.0021716603
0.00013983421
0.00045900742
0.0034236277
0.00026204588
0.0013391657
0.0072542224
0.00010858593
0.0018237359
0.0023747052
0.018396106
0.0001205127
0.00014144304
0.00051618717
0.0005718308
0.034753714
0.00039593264
0.00029985924
0.00012369888
0.0002873624
0.0003220755
0.0067082397
0.0013234762
0.0008659451
0.00038332105
0.0009733513
0.00040556857
0.00017064158
0.00014151804
0.0015764071
0.041219868
0.00014553526
0.0007826374
0.00011397556
0.0051952326
0.0033728771
0.00059804606
0.007389991
0.00082081003
0.0002599635
0.00019122298
0.0021233954
0.015398012
0.003048006
0.008207939
0.0026292948
0.0002134884
0.0005836004
0.0021233954
8.92566e-05
0.0007101673
0.00022730653
0.00021185687
0.0076471297
0.0020165232
0.0056889215
0.0021233954
0.0021233954
0.0015996114
0.0008603947
0.0012068127
0.0003365908
0.007151001
0.00023353964
0.001445989
0.0075761518
0.031916786
0.00036345888
0.024883583
0.0021233954
0.0002743848
0.00013763075
0.00089098624
0.0005143047
0.00024712284
0.0022684282
0.0021233954
0.078306824
0.00023972869
0.00047488572
0.00082046987
9.96191e-05
0.00011137097
0.0004560663
0.00028644715
0.0021233954
0.00014500902
6.5893044e-05
0.00028102644
0.000949384
0.0003533124
0.0005636764
0.0021233954
4.9859344e-05
0.0021233954
0.00011954146
0.00014007282
0.0005125048
0.00017768446
9.89641e-05
0.00046249203
0.00049084733
0.00029395882
0.00035798125
0.00021554457
0.00012705491
0.000632183
0.00018863227
0.0001679292
0.0021233954
0.00043264797
0.0003033821
0.017059168
0.00085683825
0.00021007028
0.0032901163
0.0006758042
0.00020893586
0.0005932749
0.00012962094
0.0021233954
7.922238e-05
0.0005493653
0.0001056675
0.0005385954
5.5622488e-05
0.00038367364
0.00013245876
0.00323702
0.0053189895
0.00027128315
0.0021233954
0.0042864108
0.014374329
0.0010239908
0.0004811805
0.00013562266
0.004795998
0.001387785
0.0021233954
0.0021233954
0.0014261629
0.0011118514
0.00045681553
0.0005945927
6.253576e-05
7.57394e-05
0.00028971248
0.00019714065
0.00010125683
0.00047537193
0.0004921251
0.00016246075
0.00067761226
0.00025045883
0.00046213594
0.1259267
0.00029097893
0.0005235655
0.000100289064
0.00013555982
0.0021950942
0.0028989261
0.0003052014
0.0023250068
0.00063430076
0.00074763387
0.02314624
0.00053741824
0.00028684534
0.00021243983
0.00021778829
0.0011029326
0.0047139823
0.00025916542
0.0004918142
0.0029294717
0.0005967313
0.047931213
0.11414096
0.0005519844
0.0012233107
0.004546209
0.00027013975
0.0006361315
6.389625e-05
0.0003357028
0.00028601542
0.0010598687
0.0015565042
4.5879617e-05
0.0014330333
0.005955999
0.0015345804
0.0004569536
0.0003024499
0.00019049794
0.00030100782
8.3780214e-05
0.0016236765
6.776495e-05
0.0017397476
0.0001494644
0.002438191
0.00048282836
0.0039317156
0.00036830566
0.08680223
0.0008728764
0.000374577
0.00048890524
0.00029694889
0.0005257299
0.0002024697
7.839183e-05
0.001628
0.029438026
0.0003685269
0.000133988
0.00038175654
3.383269e-05
0.00024344097
0.0016458397
0.00054118485
0.00020194182
0.0002773545
0.00016572671
0.0013441464
6.666609e-05
0.00015353385
0.0005566465
0.007861741
0.0017269464
0.00019683583
0.00040424426
0.0006592042
0.00015634688
0.00088397856
0.00062174385
0.00063744455
0.00070910726
0.00038267183
0.0016297005
0.105255954
0.001963167
0.016269103
0.00025977843
0.003521134
0.0069005396
0.002436275
0.0043266923
5.953069e-05
0.00035736154
0.0001759087
0.0029055027
0.00082716194
0.0017525718
0.00031522708
0.048968628
5.9629376e-05
0.0005069666
0.00016289942
0.001855414
0.00035527226
8.879698e-05
0.0003796373
0.0007103677
0.001096081
0.00013726142
8.216616e-05
0.04598701
0.00023401799
0.0004166891
0.0018420604
0.012196282
0.0003385672
0.00021307336
0.004685588
0.0013757534
0.0001881609
0.00016649903
0.00025759102
0.00067664846
9.061858e-05
0.0029061257
0.00016607743
0.02088251
0.00073457777
0.00035317588
0.002557717
0.009271574
0.0002516187
0.0052233385
0.004833165
0.0015985036
0.00019517793
0.0003741475
8.989913e-05
8.3748506e-05
0.00272327
0.008293171
0.00026471695
0.0050666668
0.00010635126
0.0014942125
0.06844566
0.0023206198
0.00026164844
0.0021758408
0.004981204
0.0002755354
0.0012041648
0.00867157
0.02243758
0.0021233954
0.0003769813
0.00032094202
0.00039700491
0.00015750954
0.00012690513
0.0020216673
5.184586e-05
0.003488894
0.0008934686
0.028698556
0.0003799048
0.0002021728
0.0012569687
0.027123319
5.5236884e-05
0.0018669013
0.0005154789
0.0006531619
0.0006057122
0.00014525618
0.001488388
0.0020752638
0.0015833405
0.0002784963
0.0048841448
0.0028495586
0.7925394
0.0005153998
0.0025244483
0.00049773674
0.00089348224
0.0001470754
0.0005803624
0.07325743
0.0031394558
0.00011527824
0.00027305025
0.00038618527
0.0017120944
0.0034295404
0.0016031708
0.003316668
0.0023520486
0.0025347606
0.0012907401
0.0013284816
0.008883287
4.804841e-05
0.00017152983
0.0014445632
0.00037612426
0.0019845597
0.00026176195
0.00043625454
0.0004989333
0.00024080559
0.000584248
0.00062336307
0.00078976364
0.008397319
0.0020202769
0.00014150483
0.0008553523
0.0015575724
0.00049781246
0.0004669549
4.9561215e-05
0.00031260154
0.00031709345
0.0034529178
0.0330116
0.0009969643
0.00042868097
0.00015921767
8.149772e-05
8.701191e-05
0.0004663408
0.00016634843
0.00027456618
0.010202244
0.0013211425
0.0014836052
0.00032325462
7.147618e-05
0.00022152007
0.0011283235
0.00013250399
0.00018765565
0.00042022034
0.0039016453
0.0008757672
0.0014187753
0.00015031222
0.0001861773
0.00020191428
0.00037877492
0.0002193822
0.0004355664
0.002879205
0.00026481037
0.004118213
0.00036590625
0.00012255837
0.0011204589
0.00019492816
0.00034751208
0.00035418977
0.0008082111
0.0006322737
0.00047043792
0.0017224548
0.000258111
0.0020418619
0.00016724718
0.0008612912
0.0004595643
9.724598e-05
0.0015125249
0.00015890737
0.0005757962
0.0021682335
0.00031441997
0.00027819033
0.003200937
0.09862588
0.00074084016
0.0016051106
0.0022709602
0.002229587
0.0017254903
5.922244e-05
0.0019644755
0.00042824802
0.00072808197
0.00027038273
0.00028560124
0.00020370103
0.008539844
7.384638e-05
0.0006216828
0.00044083188
0.0010094797
0.0003847195
0.0012979574
0.00015451535
0.004926822
0.00053131033
0.00049293705
0.0004437226
0.000393278
0.00027987218
0.008005816
0.0027203604
0.0027118705
0.0006810065
0.003858438
0.00075829204
0.000344173
8.6027634e-05
0.00041191033
0.00022597499
0.001245339
0.0035557935
0.0002472296
0.00012409974
0.0002860389
0.00011914271
0.0010355307
0.001160277
0.000390783
0.00066161517
0.00014991859
0.0060390355
0.0027909067
0.0001551113
0.00048342242
0.00031437952
0.00019806615
0.008018697
0.023362659
0.0037026855
0.00055985234
0.0003686905
0.0012501648
0.053535987
0.0003444645
0.00034077922
0.0064876485
0.027238332
0.00938721
0.010435642
0.0005163488
0.00042584745
0.00037179585
0.00031918017
0.00044133494
0.00065560633
0.0002674053
0.0002743584
0.0006583736
0.00052856025
0.0003468081
0.0004202514
0.00442932
0.00016462423
0.0008043599
0.0004989093
0.0035256709
0.00048141147
0.005219638
0.0068745743
0.00023132421
0.0012258441
0.0026077738
0.0002962781
0.87298447
0.00070796814
0.0011467874
0.00040263645
0.00020136422
0.00014855448
0.00061407353
0.0003593928
0.00067075476
0.0005089294
0.0006248558
0.0007882929
0.00071271864
0.0030054243
0.014575866
0.0022857548
0.0006843018
0.0017896183
0.00017754272
0.11791074
0.00019671611
0.0011331053
0.001005743
0.0027682222
0.057613235
8.231995e-05
0.017534552
0.00027778774
0.00027280097
0.00023708896
8.02425e-05
0.0037308943
0.00024168172
0.0029125786
5.1069852e-05
0.009944312
0.001456106
0.0014597032
0.00047018283
0.0037609946
0.00043313968
0.000103842125
0.011296321
0.0001493762
0.006056871
8.8453606e-05
0.00019512043
0.0018235875
0.00039339837
0.0027212196
0.002829961
0.0015421765
0.013399744
0.0012106196
0.00074993086
0.009793865
0.00043432362
0.00017556084
0.0002202921
0.000112021655
0.0024980665
0.0022932377
0.004262916
0.001195145
0.004623644
0.0011093023
0.0004204161
0.00084370084
0.00809293
0.00052635995
0.105561465
0.076973155
0.0002852475
0.00016857107
0.0004590317
0.0006392505
0.00011181493
0.0031561675
0.00027167035
0.0043494445
0.0011337451
0.0004428918
0.001882143
0.0007724186
0.00026539952
0.0030945323
0.0006362297
0.0008429796
0.0017300269
0.00097471825
0.0031052437
0.00046903038
0.035142507
0.0043016463
0.00046642259
0.016510498
0.029615216
0.02944708
0.024073765
