0.04832575851965349
0.0761090421922022
0.015658963560094802
0.014288382917373296
0.0009821739435324354
0.018550067323166407
0.0208552283295933
0.01626733502146724
0.02087380585501742
0.07617128175409933
0.00844301569491384
0.1104513933404869
0.1982905323237133
0.009680043026022166
0.03490491978092475
0.013920888322642025
0.0041929418306463915
0.13283882938104577
0.042492941046335116
0.6207378664707854
0.014342735995954946
0.011221211807150841
0.007772291303736718
0.022167787653077316
0.05059437928566546
0.0928529222265044
0.025894003847926443
0.02418693783349312
0.010852948053725425
0.023911091173836732
0.014721762419887438
0.00856294613748041
0.237013766486467
0.018064065379930737
0.019056328413376896
0.004636203495477879
0.0192995429805513
0.012066479327028454
0.00933370416824044
0.03766524492795813
0.03146322765300384
0.06662125647665341
0.03652505818169523
0.1128830914302268
0.042953468286895315
0.02015538336061232
0.03146762614335097
0.3813871828301342
0.009021221679230518
0.012023991509759052
0.019861868579187928
0.010904953022186775
0.018304322143007052
0.0283274789142485
0.028081657028742223
0.03928264239880707
0.0029613637523931997
0.017524744510139478
0.011192173738694477
0.029606194404862785
0.9948047786924898
0.06465987827262283
0.007796314848262837
0.08665624872946222
0.07297608077529931
0.0190140473778975
0.11494292736773887
0.19900355514472767
0.0885335249229778
0.0033977439452456825
0.003926779202022153
0.010036188115095712
0.0142444144563617
0.015715429879458932
0.04268540329249331
0.01149107474133316
0.0041495597710209135
0.011144704564535809
0.019993687358510766
0.017475310209477436
0.02078262184146318
0.02126676972851089
0.05763630155995811
0.033140153340999276
0.03275405425462019
0.010557591905904001
0.06811458938019026
0.017500862385043305
0.03594366931114513
0.09251863602639535
0.12356768110228758
0.09518938128900545
0.11673203931007042
0.10670524016740218
0.01774939975627615
0.030037900038372988
0.04114618326829045
0.047697888480197924
0.012587868132239834
0.035542122046808636
0.24488560791919134
0.061271070651800014
0.15546989750500403
0.1665178409115018
0.7091623708695179
0.024411948681135675
0.7982174548578551
0.046624378140267465
0.024134742220427854
0.008835826041849978
0.01856654487742574
0.057033938993398405
0.03310981058375912
0.01732892882844113
0.00868148596614056
0.018542333531722324
0.12511397357378132
0.05987053824779195
0.07021831544259742
0.0034293957119531358
0.42631654826962717
0.040897959440499745
0.01413349787350159
0.009920168331124683
0.012504936143461282
0.012251889258475352
0.05984943982187251
0.015259533093478462
0.03308933615355076
0.012442372776767087
0.033123246486135745
0.0409695215631475
0.2618534055233231
0.022955209578677273
0.018985525855545145
0.005363547967011077
0.014398241954049042
0.00726421546258737
0.01888382548227441
0.028602111418083775
0.013124500436928883
0.014199729491632014
0.013884798035084245
0.011001495298477677
0.11014061052922597
0.008521695522168329
0.11851984947128062
0.003719832167044464
0.2924825969876623
0.032997540684787545
0.015585675327414018
0.01907283519779514
0.01922403603601093
0.01086845391386848
0.038904915852572386
0.02581108061826015
0.030531108077817774
0.02992244101320557
0.011612086035877602
0.01314115973165215
0.022396196849451013
0.00994623498976961
0.0197388567740348
0.012632200061296634
0.010816053293785871
0.014816383241575505
0.009337614319620272
0.00997429928233853
0.026421451016560026
0.2026342051614994
0.059379974965365075
0.00503306673912681
0.062276437617975806
0.009423803407387622
0.014227086265700906
0.009109109064296161
0.01906561570459541
0.9999973090945792
0.07260979043449785
0.007040626074441217
0.8868349511267389
0.022421114940790833
0.05502937830203062
0.02952842697321117
0.016254114875741896
0.03904884156387024
0.002464958834412907
0.016389308395117288
0.011162956702943322
0.004516040971954182
0.0018931275380576777
0.02525832913699793
0.014952492142712456
0.008293068974477319
0.06875122849038877
0.013324592563927228
0.02917582438453716
0.999999998563027
0.0098666331659951
0.02172058810255548
0.021181415698537712
0.04534497587055866
0.015069187284525913
0.09760003148798342
0.1088980403936082
0.020015270960413025
0.10680356408274247
0.007319890684937905
0.029344877409349834
0.09041914384279148
0.012750974571264707
0.016848219946327347
0.01354053069470666
0.019738798769622628
0.01720593023914466
0.03019962709907169
0.05340243404650345
0.21955326076962087
0.04802694528610373
0.006972142494266926
0.025977116451753098
0.016652821338370136
0.028758997249308034
0.959577222429938
0.16950247829596507
0.045372639386199745
0.03216659003633619
0.49175726630529404
0.014075666205915908
0.021813131090042744
0.020630234201958662
0.0078308702661319
0.00804426135664823
0.014468079093727975
0.0018957372691722684
0.015216223700701602
0.008712868664320235
0.0031230227538517823
0.071189171327612
0.011462571125994865
0.046567243583611605
0.013701381326047724
0.014056647092992062
0.007707239732463471
0.01180195635865664
0.00630030702485951
0.010035035543049908
0.03645559525619701
0.017444608062756533
0.011588601647960477
0.02754806392541547
0.0029380111921934455
0.007645154774017044
0.01445388288831519
0.00573839249417634
0.0035179932041941703
0.029007756605370846
0.06930596011945143
0.022560079782150612
0.0324797300012553
0.015608629861665967
0.03156306939284566
0.006275021269797458
0.010164437952535457
0.031854330861086286
0.07969332605493834
0.014201342100390799
0.016868618593527278
0.021886789324233966
0.017651042639856795
0.05335530769996544
0.02759824640918175
0.0702695322895307
0.06867657374925662
0.019944549629391906
0.016675678874015772
0.007592970880688239
0.029591447623634925
0.08470351067004538
0.05400202233610424
0.003719396996704644
0.0015836376523082859
0.035632723605994704
0.032412543445274694
0.029100715347604878
0.022617348554789998
0.015179030268621413
0.011532767674757206
0.015654798347169
0.008039467551057793
0.06757030978674447
0.01780505523389109
0.008417405624810356
0.2840982164211039
0.09386912796626183
0.01944868459326202
0.015207590656231342
0.01564478442567226
0.01869355786708947
0.02148034739376271
0.026838646753438347
0.014856019362000216
0.020681228013127134
0.028593027421630734
0.018053786112701822
0.02874906389053151
0.033626611675980196
0.005484875581208728
0.01296646317056253
0.026339316899268803
0.00980902307804296
0.013555356349511138
0.0034939221746442283
0.017574689011964816
0.025403421759726236
0.015276599751549921
0.005569532932455235
0.020020988216565578
0.027500056375447366
0.019328131381963137
0.004973309300373762
0.016675636368206015
0.02142979465772703
0.038406813373441186
0.010422103611290411
0.010524640867191867
0.020289420270098925
0.02796257628509771
0.011760999396885227
0.011496201579154885
0.014384179195837591
0.010205879763920003
0.016507187909401824
0.08922170248828813
0.014840956420821583
0.017193709474322975
0.0052359140703485095
0.033383917316924215
0.016958821178505404
0.0055451154747228875
0.058642205391965435
0.02004527080298898
0.046051558207047774
0.018296737838151837
0.014027306110947418
0.00978352139385411
0.006153109803034405
0.01794915233700709
0.014934635699700936
0.0102773354725641
0.05777346323731302
0.003787754434697289
0.02382404355793356
0.025120421141404618
0.0032149456925581496
0.060604267696646195
0.006683690796686625
0.014388203662705221
0.01968233952350569
0.039602330603460585
0.05937320244391586
0.04702152875059209
0.018733913721724883
0.019932049093513315
0.01114335658382668
0.020448808805082774
0.09135618301459165
0.014221125533216125
0.02562003763297562
0.006017795281003968
0.07352721747695615
0.01270213318161751
0.028195563912252454
0.012006233754629527
0.0249756816010826
0.009809825150662472
0.014677633330877647
0.018385083953700674
0.020505336283695257
0.019429858604414648
0.00876122623943719
0.02394943308330447
0.0052968922200774884
0.01465100270293926
0.008399779352252952
0.026706759942147107
0.005717135751640244
0.011871798847162433
0.006580941919477012
0.017815093467686973
0.06075372162118438
0.02454501499105171
0.0016414203533471948
0.07653659363122145
0.002467132773686218
0.2244257082324166
0.0052429033655377235
0.04997797447984923
0.01769406822963461
0.008000761795856688
0.06352064015336352
0.011975674708655836
0.030521782079268815
0.1470869534423086
0.06598361565553253
0.020073713291713566
0.010400389983489617
0.030681576374124563
0.010871709170886647
0.14689341889580015
0.03538318436435794
0.02263775570454087
0.03381130305069768
0.008661841157991571
0.01760692574767213
0.02951646261044275
0.016595126406600182
0.053596236481384174
0.04488559555520637
0.04183165377303904
0.05756591642956374
0.007537967407861838
0.02875540295949151
0.08983636468767492
0.008567880827022522
0.02827519539324131
0.030850155705909155
0.0322543429602102
0.02568146222197865
0.005492363786018657
0.25527691216925535
0.06485840140270654
0.009988707102967521
0.1479497590851675
0.016239151128904866
0.01942765178372569
0.033314895056621316
0.037204380765917054
0.06360159011850244
0.047663449936193834
0.05902115061252191
0.012045696810581295
0.04936526281734919
0.012476132636834215
0.02208805195479215
0.31759963880130354
0.02305141238060703
0.0182148844307945
0.2351376764554765
0.10619185552113448
0.058361693230974815
0.03736410064279712
0.005319446434326858
0.020266404904477744
0.028324965738828187
0.02516642711178618
0.02199478355686421
0.03406934474762987
0.013464029962258905
0.06093346367382016
0.05741883945509996
0.03392124629315922
0.10484852813625767
0.00893627844294941
0.007786036272964763
0.015195317140470357
0.006049071178736942
0.06075330806549079
0.007744542367735879
0.1201554407887566
0.021382336508681286
0.02949246822071402
0.006614400508573831
0.10257248699264955
0.022494597013639882
0.02686809090264822
0.03298549730992271
0.02781342844940307
0.011670173196988314
0.016377579034827852
0.08349699665869624
0.06142808413136198
0.0102573157824326
0.028617336392248966
0.24545341107740554
0.029490367539564476
0.023693887236232496
0.022698480615948535
0.02436237024247458
0.03718693289987986
0.04235605720441204
0.007630839221066329
0.004638258407094222
0.01499058517864
0.009249293314798906
0.10633326557842884
0.02074489054047848
0.09630067114950228
0.003150233747197712
0.027170401230015677
0.010216132010473033
0.087330916037533
0.053538046856065044
0.14040097727868547
0.03397419819554205
0.00796757379063478
0.014062709731841191
0.04376651130649117
0.016846797445452366
0.015730983235145973
0.024367735518171327
0.03385901338649126
0.013063023450351537
0.004958160818229566
0.0080760155489999
0.007987515035574256
0.024771632127732743
0.010960728425669673
0.02110661300188217
0.008623723683311187
0.007602651108502
0.00859084147435728
0.03236718430580351
0.007163016257875459
0.022594320512757053
0.014476335871479477
0.009722907715645702
0.007687388064540677
0.025400938420705545
0.010681280721639215
0.00897880107339052
0.029927633824196723
0.008375743255731788
0.05466485981195232
0.11731554864899159
0.03417216613225051
0.04508700692686102
0.04639473165498318
0.07802609281968374
0.015932601470634255
0.08015747011872379
0.040699348640388724
0.06731881381430199
0.10833405940583789
0.288053704463214
0.03381619189085767
0.20964753378302567
0.016620226658382146
0.01326532214716976
0.013368952753890792
0.0036673891901001384
0.010793890973443417
0.016971066243133062
0.011730662092919333
0.0041278786959854635
0.005047991147558814
0.006906735102053323
0.008894906743824833
0.013398940916562223
0.00660000647401518
0.029302426571377885
0.018688564686023073
0.01727132281640301
0.012350607314022448
0.012729451368966032
0.03188677682524915
0.038573748863755794
0.020334345902863208
0.03529641408960157
0.00692089543932891
0.011190507698419538
0.11915041755529576
0.008160240464664043
0.048922931654512274
0.031540224543017706
0.019060541836696965
0.08986845269690133
0.3329014549034699
0.05102134433693845
0.006965782453967727
0.14753718688989817
0.11100250331244792
0.06935786014886453
0.05966785634267747
0.011255518539517988
0.02353269045464902
0.008864248021702652
0.0069666523419401796
0.009929042202974319
0.02613189449152896
0.012259425625336304
0.005934053064556361
0.01920955810332593
0.15057441971800634
0.027993077159480018
0.0212218594104607
0.02394721517115448
0.01243856100245597
0.3132661460059191
0.0040450753360367605
0.023652528031219727
0.04380514646416692
0.010393213456207499
0.01945686356675701
0.0053341108010037325
0.008866775668152102
0.01590677840014224
0.052475890018420665
0.010382758227607322
0.00923930016803947
0.023131139754837743
0.014810050507048327
0.02096540926603575
0.01677702543699981
0.008281233871641258
0.014724909326462752
0.06064686626191025
0.030140872112136823
0.017267634630283336
0.016767406063620177
0.018405931025293965
0.01497098934558133
0.018022602828730992
0.01203148296221368
0.02282755556727852
0.026778363289124505
0.00850396894082204
0.03430487240397421
0.002929903376504615
0.017085435732853007
0.03201608278660916
0.03956220757948224
0.013171193056431428
0.12641086874044524
0.040067435680295804
0.043863809734692075
0.007486395387718528
0.02525568406819242
0.01466689573767184
0.016894751931596272
0.00740335139254283
0.5128649558779862
0.00735972547248654
0.01972482479524311
0.006088376447732189
0.010532545613186185
0.0242880380741001
0.03780364138084268
0.05747928451671885
0.020527666724395002
0.03642129001826151
0.028343255270309616
0.004605362567085075
0.006624079401143994
0.07125983261664706
0.027707821080767542
0.013872907014956182
0.01294320031455028
0.014942234544593666
0.07156576192646928
0.011987792519534829
0.02677330259643008
0.04472294231971893
0.051129832493917796
0.02218646367005367
0.011921664913145882
0.01767759729685128
0.027217895634879915
0.2267904009586948
0.010466155864144431
0.017831395575584007
0.018195327074609736
0.010889666785328416
0.013332145501915521
0.01912609101475983
0.02844819195569557
0.009653511974658968
0.0017170628155516422
0.04464982142531881
0.01371602613456722
0.04670876248123381
0.015382194418462811
0.5637320983551626
0.006089781178046825
0.06120476616442678
0.03661925488103899
0.020373598872179082
0.059095324343684516
0.007872487484165771
0.018568991353257992
0.12513507351256656
0.01694387924953779
0.045016907732968896
0.05995879932322276
0.03282232620292388
0.005265585420724054
0.10204727406433413
0.04077955365626446
0.11764105173461424
0.07634279454521392
0.027768550658162066
0.009498255553904409
0.0280224524249983
0.11613882027498662
0.007999482340131593
0.17791925812985407
0.04044823668918594
0.012054006811547259
0.011168402141078195
0.06992746289314872
0.015570781670711896
0.05375130009521176
0.009730866542531132
0.31289307083145806
0.008288391444759815
0.0387133344649147
0.02596634405752406
0.009100989770967006
0.027216702305812624
0.0076796051767650435
0.032112248819023005
0.2016715496474124
0.027274178056134815
0.06533793298071437
0.01858755519874913
0.1756073727426539
0.024849155006476463
0.014193004543707375
0.04526565574193966
0.09212920059843392
0.04898995264235713
0.10666708396168324
0.00828362296968469
0.00591789757883824
0.010151707924568624
0.019760326073770373
0.0887022186114415
0.02445654677444615
0.05052418227642183
0.014100373966028642
0.01116876584704959
0.006371327962728651
0.010120776285018675
0.012107761199604796
0.03207379685517328
0.009424129483616742
0.08775825051356217
0.12959722490461079
0.01771342681162583
0.024265716167073282
0.06423866933351141
0.06771176728044206
0.011088775787164022
0.010825970850962327
0.10070122647314506
0.0015926627374481478
0.002279586773873814
0.008740463394066289
0.021287748209728462
0.006084212119158254
0.014710449909543209
0.019592131985555497
0.019808845345490333
0.024809027519977992
0.05171591819272339
0.11982260582219705
0.014132570547393612
0.08373077080479989
0.015368200338437417
0.1735943192816798
0.008473703813758386
0.011142417295953807
0.010915036804958615
0.02280376997671719
0.006709461710164237
0.019324062067948164
0.02076201537709995
0.01009035679246586
0.013353157861343638
0.01845949339408335
0.013675876214323875
0.00583431251601058
0.00730873872782407
0.014848727963526178
0.02442798257553678
0.010582352818191136
0.05829742501415007
0.008446332310536165
0.05352555852079778
0.01953049457652902
0.019293454479578136
0.011208041518147442
0.05204165124371557
0.06122820965082149
0.009172988806597475
0.02491848480056842
0.061007485755913804
0.010061600849219272
0.04056525977447713
0.03055332842073612
0.0036888692901238425
0.005951433396449367
0.04259407695103612
0.16926299645668083
0.02469642473384733
0.0148695043064326
0.08710197796899344
0.06160583108142587
0.03480113259548324
0.004589347617322963
0.0388806349850591
0.00781712563178514
0.008173676339236286
0.022457880669650716
0.009096499849996742
0.040632798816936856
0.015390109226200956
0.024187140897081284
0.016081385366658547
0.012491164133527894
0.010366700452000681
0.015618995264359857
0.013728774845636598
0.020757234137810516
0.01122856661959001
0.05609812666287539
0.02657288431511267
0.015171998076027517
0.02567833258177322
0.005158353258787569
0.0063228310807607
0.03725054056836929
0.010866992766883176
0.021477811070751047
0.06257791819887834
0.05284369123341313
0.010697695514665753
0.02053858024211224
0.031239205883174213
0.038529070482318
0.019686531831697492
0.014280669934897686
0.03266141125713094
0.04953951253469883
0.04533947713919613
0.011806860685435504
0.01995695168250283
0.07690517627221333
0.030085462125416088
0.020361604181303776
0.01690598364758276
0.0013349716824368
0.04365779566821388
0.02053506413613537
0.07468662902631734
0.015595519263624633
0.009530748885647696
0.010206080613713654
0.026874875585608766
0.033440449922235424
0.021718300228718016
0.013030740688886875
0.09281311594283424
0.01902734333933658
0.01077531778269935
0.06863561604884214
0.010635921651083612
0.045877910879244976
0.03677498361685578
0.01176535291753571
0.009845110072971525
0.02146003419942414
0.03132371515266977
0.021597086583674686
0.04034170940366619
0.02106156844646185
0.018612629552238955
0.009433343749673632
0.05452019084527238
0.026128631244247337
0.015216771734713917
0.027346714196823642
0.014837414795670995
0.02184281204534898
0.006612222958024631
0.03173241890524128
0.020065770215186185
0.016956035472137112
0.004150806331526041
0.005482245315081736
0.022521487219800084
0.02198851673461824
0.007394854630169877
0.039978929464962065
0.010669284024509767
0.04361618615415457
0.03717537800219495
0.009093293615409276
0.03613573998891217
0.022600613293779884
0.055492603859223825
0.01814011022212549
0.029946272102607346
0.020901860584978473
0.0064358611771374065
0.04990284248338938
0.006836629858115521
0.010664861545249022
0.012470684557599294
0.003645748482883097
0.021437027755422465
0.12177478306319779
0.13997181443932477
0.014864667195392884
0.07376834400556671
0.03308071387781975
0.06984594154603067
0.0132445135986122
0.05982082002791863
0.017445935046493635
0.011291951663455075
0.014623789688206277
0.00718547746714754
0.03133562694200129
0.0083638511503468
0.22198137740055665
0.03274622397430858
0.005228047965208848
0.008643656881837018
0.004419007122804909
0.032769966260974136
0.15642409483677108
0.020684172952292853
0.12837061115847342
0.014532841720056306
0.011695787246039278
0.08595774222675995
0.12893023903115503
0.007007601229778289
0.006935348264645869
0.01639972276498332
0.01468710195396581
0.011443962033423594
0.019176101143714826
0.00974181446825531
0.015111503698512429
0.018152931703889624
0.007687189153019626
0.021653545965196374
0.02307192653473692
0.021751241387207763
0.0395643022118629
0.0326946734137506
0.044624147613266156
0.013504161529102117
0.03864778746450551
0.04121719721605145
0.5268376882106324
0.020296617969199186
0.21978067506453597
0.017720606298614702
0.014371370275857822
0.021301717285159973
0.013561645776318694
0.3056411891610256
0.01815176662066245
0.01383320823800446
0.009868318981882942
0.46514591614766904
0.047543003801372635
0.019535439666435374
0.009089365753641417
0.04437678760524702
0.005449400402795116
0.017032973911536114
0.007715537272980414
0.00827711691631571
0.006776208855730143
0.023325443284126935
0.010250778439951794
0.020541014247035805
0.010642204713498074
0.044055967187523457
0.009210132268755186
0.0394779764695984
0.03342180363922705
0.03672508338512519
0.019384791194398336
0.008166044108062012
0.09824043105574672
0.09865192142196426
0.0027175735120625417
0.1109202101049147
0.014537417291596619
0.025531498873650808
0.045131808074886384
0.021526645265588878
0.03652437310036088
0.0270955976894559
0.030736035578421795
0.04206893626557855
0.020878430446477886
0.012083175571865954
0.017863138630085162
0.025203449330522387
0.15355327373010688
0.013320764150493459
0.010945321174121423
0.07440370554141325
0.3567412252737375
0.04936414023499642
0.02632947056767547
0.013346711886761923
0.008738929444216365
0.013964731478998314
0.0037440675660847453
0.01266048253739717
0.027684449362770452
0.010756331598425782
0.04390969109267862
0.028354395707913496
0.006896416458850908
0.013899753704609582
0.11311848476120734
0.0333199590259788
0.01937894283567643
0.030499077697914358
0.037395987310922835
0.015778401255446262
0.008947923707413818
0.0030155264999275214
0.004936005663904522
0.047700226783181754
0.021840850552508975
0.019387288097426666
0.0203841871243191
0.024494384785007563
0.09733314601134128
0.006770196393600235
0.005548238063158694
0.021220781099067602
0.0038400331094309926
0.025493811620530746
0.025624379987067965
0.013834698814806767
0.009428843856481637
0.01968410042918081
0.009924170694833402
0.06043124324805487
0.022205773057017934
0.022649403850849282
0.015861943699292898
0.0380958401359022
0.00889797540025652
0.11614773752173922
0.0515396638456372
0.028245683979901137
0.01624194094925057
0.03295083414625999
0.013752115610642442
0.03573339123768382
0.022175753059564835
0.01216429652539658
0.005990851514503313
0.008772740676009808
0.04254216703123611
0.026626121688254335
0.006602673022261578
0.015125198963644395
0.02827769440572443
0.05715397295214876
0.030423045928014456
0.050139307238860654
0.04672353929122265
0.009307251011787126
0.005245183677445845
0.01673915098277563
0.016620444046243275
0.003962721328959618
0.014720659866293473
0.027345822730351
0.006389112641865827
0.010481478767961704
0.012036877820998644
0.021343596354681187
0.0741022998718924
0.0293829579118012
0.027626978329532894
0.08788486164055002
0.01334917618979849
0.04485933804773591
0.01861674339664602
0.04858133129845659
0.020542193311790205
0.061170509978310944
0.01376518573488735
0.014580608129017894
0.008364255157469119
0.042014690494454554
0.024191100775542942
0.018896739506376943
0.014671215033574592
0.17936224698898123
0.03479307099433633
0.013768136438604691
0.02174248334438292
0.021045608217275386
0.027394252447037925
0.006005153832474427
0.03078071302105119
0.012654542268277167
0.013283023160727705
0.01009214864107909
0.00693700469086349
0.04792028750521516
0.024317378968455445
0.004100588917415691
0.02650986870308635
0.019399478355474353
0.07757443607039144
0.013626647722262707
0.008435500322695265
0.026459113235328343
0.028863789757322216
0.02032910066281645
0.0064983677879922016
0.063157073026646
0.036677635235284396
0.011295793610771902
0.02141318512480825
0.06800719075894322
0.0197103586327276
0.006307778130268953
0.00902841081314783
0.01948010965215366
0.00695984219435341
0.0031999764155661503
0.012397998900846403
0.012811644636623378
0.017021910335058416
0.005675171334852294
0.010833205675027777
0.020661322516603846
0.005223189449618954
0.013456346217688209
0.01301160411612488
0.016275653381920056
0.0036381364753735592
0.010276381464706075
0.06077723123636751
0.059395209320087634
0.02162865628868222
0.027189265554413644
0.008539527093918252
0.025038186114147955
0.009227080923250742
0.015074584848155935
0.006342917871241485
0.07818647162240211
0.005662854792792743
0.024456203111329285
0.004858926456583984
0.0103658159429948
0.014573318065683532
0.011552833281035206
0.006809441284171816
0.006548984276025967
0.004704486045923143
0.002669222242969694
0.0035972134984095187
0.021001777382351757
0.00802632767305573
0.009445135329705541
0.006482062501787766
0.10054415467457012
0.009498043455198883
0.006976403573743691
0.02111639007428524
0.047226721757577445
0.06714962917222443
0.021684648724239718
0.020769985548375
0.14258143644604848
0.003712377533024035
0.01362076239423125
0.012607640505438791
0.04216046276066373
0.028495917827262428
0.013630198721931249
0.006234482883294085
0.007675190711110955
0.014496060946794266
0.015639042357863262
0.017111384815021356
0.005160943239751124
0.008429317953904255
0.009492080268979504
0.005833018841497583
0.10133410300437194
0.00799396535549536
0.010483946950651985
0.011681281300826617
0.005316031708964843
0.00710108221859719
0.054129237535711736
0.008825918699620095
0.007191196093825175
0.08076619827719315
0.009590799476127204
0.05873229122991024
0.08096233070696897
0.05925731309473985
0.016827094423010162
0.05861451258176518
0.0006582750853909554
0.00954519213590417
0.0076831563255687655
0.02992627577479444
0.008897497449139587
0.06148598534772718
0.02465714761101093
0.09152225332960036
0.032635497058051424
0.0037974172573214528
0.0036751698225296827
0.01306397046578102
0.026935781741045432
0.0056285719746255415
0.017697141166807036
0.0024205303954152216
0.01366686420657476
0.014887621054045687
0.019464860770460966
0.02398083801546471
0.013471514409287177
0.010098766504249288
0.023741618752720354
0.20664698816954005
0.0150478134232064
0.017669317042367103
0.31353076036056643
0.00843466506190554
0.009361628671114744
0.004910411549911476
0.01376746080651358
0.03692572500337188
0.011485176675670117
0.0075749742251944065
0.008377920105615232
0.20752611924921616
0.010623387523757213
0.013803907518769193
0.008580248481142522
0.0087187813754823
0.009499240494384142
0.013865363670387607
0.00398419970392787
0.008832656778786493
0.014980614303332739
0.010503070986518946
0.008985547923541951
0.010574479482498232
0.01522592151359627
0.007117009123859942
0.017114446823977628
0.022163608648317394
0.010362844425867171
0.007782053321557647
0.009073478199736185
0.021235828416508708
0.07958631327294527
0.007779069614595156
0.006660057398737195
0.02275719698141142
0.04304668569285244
0.008084432805674028
0.07705179433944713
0.023016266883245012
0.017486598592758508
0.03312746602368466
0.00935980146302082
0.015057020816250816
0.0051070524378323484
0.1309676911285072
0.007403816175067528
0.015186929533686801
0.04774384634736814
0.027215181303484576
0.04119694480063439
0.013301122466732058
0.03285416401088052
0.015727703229589354
0.014598644331823864
0.022695543262287284
0.007390026218692205
0.020755116268834254
0.029086985805554088
0.01021348158808603
0.04069404699727787
0.02160582685324503
0.021655640904090678
0.020109711828600146
0.026764838094025155
0.020832575148218523
0.0776591438304611
0.02223357927643982
0.024370301254953358
0.0164996861515752
0.016121540545903517
0.19833371705873304
0.0197447343683771
0.01571035383659521
0.26530231048524994
0.10652399210092278
0.36929021536972223
0.6676965388717999
0.041740565335453714
0.0739278125457521
0.08266213302278173
0.059705140662804294
0.018613346541623367
0.025450510273541022
0.01619493702757277
0.043350433474048246
0.0164702888331263
0.011733669771110627
0.03397806683904756
0.0068855148703057065
0.011182487456913403
0.021152396772744705
0.010297510942148955
0.013418637079627994
0.020325468398595045
0.006865466160343918
0.025702463396976835
0.01496611982063297
0.00959296156869777
0.021046067851098256
0.025998858145263246
0.009682291183134616
0.029728981653716926
0.044288915294680806
0.03001936346035849
0.00745796013045918
0.07825690747352705
0.017363355848276116
0.00642845017964075
0.0015021870330052607
0.08297387294465806
0.024174599460377248
0.021768257045000034
0.019650412674901568
0.013309358838394535
0.013739525108407957
0.007723003605049407
0.019872527029354548
0.01359610737353437
0.011147964597528003
0.0035426917411753183
0.020003391299830885
0.007617389699899007
0.015278733701815555
0.029265667783707438
0.017037789970030474
0.008300202900410367
0.026290874339442688
0.01386484880516263
0.005888858733170875
0.008508712980376715
0.0284097064045115
0.01349847302905705
0.03967229758661356
0.00814161891017807
0.20731500892157464
0.037430416227356086
0.023738549098275427
0.013560912417751075
0.011868394948405686
0.009699752526233672
0.04008028252630169
0.10784662078866887
0.014865466829917831
0.03133663414993646
0.009506420964011598
0.002942019826940789
0.044056316332128316
0.00992799197765366
0.10843462864923005
0.014241080555817567
0.007724520826362722
0.027496158775333582
0.010009036268578813
0.0049160936036616466
0.015596201749552986
0.005796935138898928
0.08268593163603563
0.029654687343593743
0.023121354821698838
0.011916640436823677
0.015949035674435598
0.02066218063335916
0.023170851008126127
0.005445838904591743
0.12683319510189411
0.01764907791057587
0.006746885883652088
0.011392058489250201
0.006047472058032257
0.0157405009704547
0.01190909788584221
0.009892228623135022
0.025406027187398084
0.057870282252210616
0.18567854191607605
0.04159064518283454
0.009170193747622134
0.01888235796915636
0.015209708830170232
0.04483271125002761
0.01022768837509413
0.029973161015030444
0.022279118213553092
0.015313761647693146
0.017712225800616318
0.01116551259516039
0.012319054568165465
0.018573168884099225
0.010723675486348568
0.003071703360907341
0.02758376884820484
0.00903864646836802
0.009951335033535262
0.009694564257298565
0.031087076681560053
0.007634444179435247
0.015809542876890216
0.03267514421718465
0.011663273404038027
0.04451168419998097
0.021218058348957465
0.019297893329378965
0.041017554791211754
0.09307803635674003
0.007004049579823243
0.013210907129778965
0.015071112893061038
0.010396557018885413
0.006772512456928867
0.005101622655644109
0.011441000413867013
0.002918132050793925
0.004876330745239978
0.011617706512938194
0.024585007858795617
0.012732179639764552
0.006522727882711386
0.013529806307529334
0.019934586260703404
0.0016920317069933617
0.030431525602437972
0.005446224997374981
0.008181559112669518
0.011889090525801038
0.005757203076453496
0.3023827202307014
0.02923818871187066
0.0073071876267674606
0.007803348894778121
0.009291014289543091
0.008309605918517149
0.027791542080075497
0.013260384562084037
0.015950343721709552
0.060648448684306126
0.03896641183728343
0.02693797888611649
0.011219501044178924
0.012677641291511976
0.008632961996364461
0.050617206250853294
0.023377000215338277
0.020105205845512793
0.0014958232842560823
0.04528192010001466
0.004453792966081789
0.0012416287255495213
0.2404359516880898
0.0074700433961786515
0.0032813374155469047
0.005703353123593908
0.006488383432570074
0.012383793753367229
0.013638450245787763
0.014902133124746413
0.008773056373727765
0.008377216658292755
0.007547664450811869
0.046707228377277345
0.0022527556119444655
0.008078315343162754
0.9888940539582196
0.9888940539582196
0.9888940539582196
0.9888940539582196
0.9888940539582196
0.9888940539582196
0.9888940539582196
0.9888940539582196
0.9888940539582196
0.9888940539582196
0.9888940539582196
0.9888940539582196
0.9888940539582196
0.9888940539582196
0.9888940539582196
0.9888940539582196
0.9888940539582196
0.9888940539582196
0.9888940539582196
0.9888940539582196
0.9888940539582196
0.9888940539582196
0.9888940539582196
0.9888940539582196
0.9888940539582196
0.9888940539582196
0.9888940539582196
0.9888940539582196
0.9888940539582196
0.9888940539582196
0.9888940539582196
0.9888940539582196
0.9888940539582196
0.9888940539582196
0.9888940539582196
0.9888940539582196
0.9888940539582196
0.9888940539582196
0.9888940539582196
0.9888940539582196
0.9888940539582196
0.9888940539582196
0.9888940539582196
0.9888940539582196
0.9888940539582196
0.9888940539582196
0.9888940539582196
0.9888940539582196
0.9888940539582196
0.9888940539582196
0.9888940539582196
0.9888940539582196
0.9888940539582196
0.9888940539582196
0.9888940539582196
0.9888940539582196
0.9888940539582196
0.9888940539582196
0.9888940539582196
0.9888940539582196
0.9888940539582196
0.9888940539582196
0.9888940539582196
0.9888940539582196
0.9888940539582196
0.9888940539582196
0.9888940539582196
0.9888940539582196
0.9888940539582196
0.9888940539582196
0.9888940539582196
0.9888940539582196
0.9888940539582196
0.9888940539582196
0.9888940539582196
0.9888940539582196
0.9888940539582196
0.9888940539582196
0.9888940539582196
0.9888940539582196
0.9888940539582196
0.9888940539582196
0.9888940539582196
0.9888940539582196
0.9888940539582196
0.9888940539582196
0.9888940539582196
0.9888940539582196
0.9888940539582196
0.9888940539582196
0.9888940539582196
0.9888940539582196
0.9888940539582196
0.9888940539582196
0.9888940539582196
0.9888940539582196
0.9888940539582196
0.9888940539582196
0.9888940539582196
0.9888940539582196
0.9888940539582196
0.9888940539582196
0.9888940539582196
0.9888940539582196
0.9888940539582196
0.9888940539582196
0.9888940539582196
0.9888940539582196
0.9888940539582196
0.9888940539582196
0.9888940539582196
0.9888940539582196
0.9888940539582196
0.9888940539582196
0.9888940539582196
0.9888940539582196
0.9888940539582196
0.9888940539582196
0.9888940539582196
0.9888940539582196
0.9888940539582196
0.9888940539582196
0.9888940539582196
0.9888940539582196
0.9888940539582196
0.9888940539582196
0.9888940539582196
0.9888940539582196
0.9888940539582196
0.9888940539582196
0.9888940539582196
0.9888940539582196
0.9888940539582196
0.9888940539582196
0.9888940539582196
0.9888940539582196
0.9888940539582196
0.9888940539582196
0.9888940539582196
0.9888940539582196
0.9888940539582196
0.9888940539582196
0.9888940539582196
0.9888940539582196
0.9888940539582196
0.9888940539582196
0.9888940539582196
0.9888940539582196
0.9888940539582196
0.9888940539582196
0.9888940539582196
0.9888940539582196
0.9888940539582196
0.9888940539582196
0.9888940539582196
0.9888940539582196
0.9888940539582196
0.9888940539582196
0.9888940539582196
0.9888940539582196
0.9888940539582196
0.9888940539582196
0.9888940539582196
0.9888940539582196
0.9888940539582196
0.9888940539582196
0.9888940539582196
0.9888940539582196
0.9888940539582196
0.9888940539582196
0.9888940539582196
0.9888940539582196
0.9888940539582196
0.9888940539582196
0.9888940539582196
0.9888940539582196
0.9888940539582196
0.9888940539582196
0.9888940539582196
0.9888940539582196
0.9888940539582196
0.9888940539582196
0.9888940539582196
0.9888940539582196
0.9888940539582196
0.9888940539582196
0.9888940539582196
0.9888940539582196
0.9888940539582196
0.9888940539582196
0.9888940539582196
0.9888940539582196
0.9888940539582196
0.9888940539582196
0.9888940539582196
0.9888940539582196
0.9888940539582196
0.9888940539582196
0.9888940539582196
