0.00023934842
0.0034876326
0.00017840632
0.0020530245
0.026862413
0.002285918
0.0026018335
0.0059593455
0.003615326
0.044389665
0.017005304
0.0030598177
0.008985288
0.009585267
0.0016143251
0.0007803448
0.0005462765
0.001306465
0.0023631374
0.0022679619
0.00037469182
0.00033913058
0.0008812635
7.463405e-05
0.00035452776
0.0005268265
0.00013187337
0.02635326
0.018300248
0.0065597887
0.0005142667
0.00472469
0.0024577463
0.002971503
0.0012840084
0.00037201846
0.00090842345
0.021678196
0.007517921
0.010444485
0.0016972512
0.0026375465
0.012086286
0.009325793
0.028101292
0.0017219072
0.0008784729
0.008042141
0.0005184927
0.011419921
0.009588473
0.004923924
0.0006350112
0.0023244803
0.0010619613
0.00041383176
0.0031568455
0.00021052183
0.00019479587
0.0010978957
0.9635182
0.0052177142
0.010275613
0.003207893
0.0042321845
0.009113141
0.0016428798
0.27815542
0.0038234626
0.00017172817
0.0006233577
0.008453913
0.0014181614
0.00074029394
0.0064548575
0.0058176676
0.0070540053
0.0036947622
0.0023343118
0.0023544445
0.027122373
0.2328664
0.0043877326
0.00031972016
0.00069114193
0.008637103
0.0018257145
0.0020777953
0.04450635
0.0108795315
0.08853576
0.03331022
0.05447584
0.004598663
0.00048204703
0.015299665
0.0018859296
0.0011648601
0.0032955487
0.00044837242
0.001102181
0.001365634
0.0056654713
0.46134964
0.011987957
0.0005399385
0.235522
0.0037309316
0.038214922
0.0008079254
0.00039908962
0.001067764
0.0011606021
0.00025278807
0.00082556775
0.0033624873
0.00025563862
0.0021750904
0.0067247087
0.00038069044
0.003660328
0.024727501
0.0032627536
0.00036027975
0.001883366
0.0009005084
0.005257497
0.11666904
0.00038265326
0.0010677847
0.0021570658
0.00027221715
0.00017075747
0.0008209309
0.019382812
0.00030795851
0.0003162041
0.0028016528
0.0011015366
0.00045702438
0.004584669
0.0016683373
0.00041011386
0.0002726595
0.00055300945
0.00077487616
0.00048647076
0.0012808235
0.0034261618
0.0021608933
0.0020550166
0.011223655
0.0018988206
0.0008340648
0.00021656389
0.00017484167
0.00012771155
0.00040877
0.00027904913
0.000313728
0.0005646548
0.0007017092
0.00015282429
0.00019069368
0.00038919054
0.00039103755
0.00023331796
0.00025013738
0.002732744
0.0003870023
0.0019172435
0.0030347737
0.0009873863
0.27600014
0.0043287473
0.00022928623
0.0004718281
0.96386224
0.00023863815
0.018038226
0.957037
0.000983321
0.0019287155
0.00077830965
0.00017717421
0.07231686
0.00028517054
0.0009344808
0.000359515
0.0006996458
0.0013022939
0.00016120389
0.000414904
0.0033884256
0.00042034852
0.012865558
0.00010099184
0.98032904
0.0027534936
0.0006661656
0.00023862018
0.00028210398
0.0003570055
0.0010432781
0.013963836
0.045133732
0.0025409323
0.00040575245
0.0007044449
0.035832725
0.00023489606
0.0010672635
0.0035600655
0.0014773675
0.001991826
0.00067086914
0.01343712
0.0005530772
0.0014222316
0.00029791586
0.009417445
0.0015976044
0.039166644
0.9781918
0.00032258718
0.02975345
0.008317977
0.019470435
0.0010889568
0.003347468
0.00062514824
0.000118816286
0.0008966112
0.00064582186
0.0072754715
0.0008321211
0.0004647539
0.0019735666
0.09488434
0.00049611466
0.004033058
0.0070212036
0.0027377517
0.0005975301
0.0007277521
0.00020811553
0.0004017638
0.002346115
0.00019878166
0.00043885325
0.00074066967
0.0037104192
0.0007783545
0.00030640955
0.00015463961
0.0057763616
0.013487758
0.00016816732
0.008688709
0.006496288
0.026059154
0.0003161414
0.00027798166
0.0034751082
0.0185988
0.0003697304
0.0037758024
0.00051371014
0.0014664354
0.0076487395
0.0029259236
0.09357081
0.0023277947
0.0031153967
0.0004638439
0.0023724886
0.0026072208
0.0015168678
0.06565553
0.0055255163
0.00046176542
0.0031331019
0.00017885701
0.00015780148
0.0034891195
0.00021867301
0.0028638968
0.011842407
0.0018352483
0.00031145263
0.00091732835
0.0016526545
0.00093646307
0.0027177252
0.0063114394
0.0038022955
0.0007544272
0.00029844264
0.00038945238
0.003347468
0.0016927826
0.00046672058
0.00038402018
0.0006222498
0.0006213804
0.0033557424
0.0021503137
0.000668733
0.0003268883
0.004040627
0.00021625188
0.00012082141
0.06707993
0.0009006509
0.00047036752
0.0006722151
0.0024721045
0.0075697224
0.00035962125
0.00039190578
0.0006106569
0.0028208604
0.0005352688
0.002227087
0.00052765367
0.0004144893
0.00015059943
0.00012791203
0.00024310325
0.025678085
0.00034248293
0.0007461001
0.00079693197
0.0012166412
0.00027545553
0.00016062177
0.00081298425
0.00092998723
0.0007606594
0.0006804555
0.0014862261
0.00054536137
0.00012940174
0.00021987705
0.005004397
0.0023036166
0.00025877776
0.00024385283
0.00062706135
0.0002697874
0.00019105493
0.00045691268
0.00093177403
0.00029040244
0.0008966659
0.00087042135
0.00042928703
6.58249e-05
0.0013408056
0.0005220337
0.0002174681
0.0028256678
0.006102523
0.00035181135
0.0002759563
0.00015823437
0.00042220106
0.0002409875
0.0012058453
0.0036351022
0.0019837334
0.00040386946
0.00071801676
0.0019253267
0.0003770575
0.00024649757
0.0013546526
0.0009787076
0.00020548185
0.00066874793
0.001959248
0.0025586088
0.0012406666
0.00045281154
0.00013156465
0.0002092746
0.002079931
0.007706867
0.0012854701
0.0021637597
0.0036906993
0.0013457431
0.00020174647
0.00026078348
0.00072486926
0.00034967568
0.004720092
0.00024225339
0.00012942888
0.00053907617
0.00438777
0.00023018803
0.007494142
0.013389812
0.001552382
0.0004300593
0.002462548
0.00011471209
0.0005540164
0.009186208
0.00085361325
0.002532525
0.0013746998
0.000246542
0.0008926649
0.07099067
0.0016394922
0.0008904333
0.00042196226
0.0016633993
0.002857414
0.00031629848
0.0043635503
0.0044267722
0.000657263
0.00026361152
0.00038829114
0.0006484876
0.0007952376
0.00023844052
0.00042915117
0.0010078792
0.002866379
0.17851256
0.03195708
0.00022671888
0.04595154
0.0064226473
0.0054078824
0.032414146
0.0065597887
0.019025195
0.011592318
0.000102825536
0.0015450772
0.03498607
0.00010683947
0.0007534792
0.004359715
0.0034666588
0.003180601
0.0056200232
0.0002830175
0.00754942
0.0012881793
0.018594045
0.00047822433
0.0004702727
0.0076933713
0.0038986893
0.00069068954
0.003144214
0.006422322
0.0008316942
0.0027770533
0.0012458806
0.00013326871
0.021821676
0.004485984
0.01929098
0.0071013123
0.002222081
0.0006071557
0.007885103
0.0023863635
0.00025439326
0.0065597887
0.0065597887
0.00021405524
0.002989372
0.0065597887
0.0023672758
0.0005575678
0.00012880456
0.0021215
0.0065597887
0.0065597887
0.0010100713
0.00038316048
0.0065597887
0.0065597887
0.0065597887
0.0065597887
0.0065597887
0.0065597887
0.0065597887
0.0065597887
0.0065597887
0.0065597887
0.0065597887
0.0065597887
0.0065597887
0.0065597887
0.00014378717
0.0065597887
0.0065597887
0.0065597887
0.0065597887
0.0065597887
0.0065597887
0.0065597887
0.008708305
0.0006587018
0.0065597887
0.0065597887
0.0065597887
0.0065597887
0.0065597887
0.0065597887
0.0065597887
0.0065597887
0.0065597887
0.0018715302
0.0065597887
0.0065597887
0.0065597887
0.0065597887
0.0065597887
0.00095849414
0.0065597887
0.0065597887
0.0065597887
0.0065597887
0.003567577
0.0065597887
0.0065597887
0.0107253585
0.0065597887
0.0065597887
0.0065597887
0.0065597887
0.0065597887
0.0065597887
0.0067081475
0.0065597887
0.0065597887
0.0065597887
0.0065597887
0.0065597887
0.00011923749
0.0006178495
0.0065597887
0.0065597887
0.0065597887
0.0065597887
0.0065597887
0.0065597887
0.0065597887
0.0065597887
0.0065597887
0.0005054163
0.0065597887
0.0065597887
0.0065597887
0.0065597887
0.0065597887
0.0065597887
0.0065597887
0.0065597887
0.0065597887
0.0065597887
0.0065597887
0.0065597887
0.0065597887
0.0065597887
0.0007648975
0.0065597887
0.0065597887
0.0065597887
0.0065597887
0.0065597887
0.0065597887
0.0065597887
0.005680564
0.00060172664
0.0065597887
0.0065597887
0.0065597887
0.0065597887
0.0065597887
0.0065597887
0.0065597887
0.0065597887
0.0065597887
0.010406698
0.0065597887
0.0065597887
0.009586914
0.0065597887
0.0065597887
0.0065597887
0.0065597887
0.0065597887
0.0065597887
0.0065597887
0.0065597887
0.0065597887
0.0065597887
0.0016132771
0.0065597887
0.0065597887
0.0065597887
0.0065597887
0.0065597887
0.00027471804
0.0065597887
0.0065597887
7.9353114e-05
0.0065597887
0.0065597887
0.0065597887
0.0065597887
0.00299574
0.0065597887
0.0065597887
0.0065597887
0.0004995508
0.0065597887
0.0065597887
0.0065597887
0.0065597887
0.0065597887
0.0065597887
0.00051141315
0.0065597887
0.0065597887
0.00042816642
0.0065597887
0.0004998084
0.0065597887
0.000671746
0.0065597887
0.0065597887
0.0065597887
0.0065597887
0.00016621826
0.0065597887
0.0065597887
0.0065597887
0.0065597887
0.0065597887
0.0065597887
0.0065597887
0.0013261309
0.0065597887
0.0065597887
0.0065597887
0.0065597887
0.0065597887
0.0065597887
0.0065597887
0.0065597887
0.0065597887
0.0065597887
0.0032136925
0.0065597887
0.0065597887
0.0015075118
0.0065597887
0.00018110561
0.00034479584
0.0065597887
0.0065597887
0.0065597887
0.0007039026
0.010306957
0.0065597887
0.0065597887
0.0065597887
0.0065597887
0.0065597887
0.0002472753
0.0018469889
0.0001485712
0.00044551326
0.007050623
0.0065597887
0.0065597887
0.0065597887
0.04416157
0.0015753554
0.0065597887
0.00059409195
0.0006923091
0.0065597887
0.0003058285
0.0065597887
0.019539377
0.0065597887
0.0065597887
0.002033881
0.0010450393
0.0065597887
0.0065597887
0.0065597887
0.0065597887
0.0065597887
0.0065597887
0.0065597887
0.0065597887
0.0065597887
0.016313601
0.0065597887
0.023523286
0.0011146092
0.0065597887
0.0065597887
0.011274756
0.0005076569
0.0065597887
0.0065597887
0.010610364
0.004868355
0.0065597887
0.005688701
0.016463017
0.0065597887
0.0065597887
0.0018247057
0.0015001219
0.003329807
0.0065597887
0.0065597887
0.0002121868
0.00045433172
0.0004655531
0.00027242175
0.0065597887
0.003730577
0.0065597887
0.0005453135
0.0036222532
0.0065597887
0.0065597887
0.000551688
0.0065597887
0.021641865
0.0065597887
0.0065597887
0.0065597887
0.0065597887
0.0065597887
0.086728536
0.0065597887
0.0065597887
0.0065597887
0.0065597887
0.0012920401
0.0065597887
0.00059880514
0.00058635505
0.0065597887
0.0049076853
0.0065597887
0.0065597887
0.004271685
0.0065597887
0.00023739615
0.02284383
0.0065597887
0.0065597887
0.00045782514
0.00038392263
0.0013280603
0.0037572926
0.0018086255
0.0007331099
0.0065597887
0.0065597887
0.00049834605
0.000371398
0.0065597887
0.00047350416
0.0065597887
0.00025781486
0.00017148945
0.0012779197
0.0065597887
0.0009810653
0.004295609
0.0065597887
0.0065597887
0.007263575
0.007238268
0.0065597887
0.00028893215
0.0026208863
0.00030054472
0.01434098
0.0065597887
0.00028707652
0.0065597887
0.0005614276
0.0006457548
0.0016877933
0.0065597887
0.0010046676
0.0065597887
0.02363114
0.004201713
0.00043502258
0.0065597887
0.0065597887
0.00086529314
0.0040836614
0.009797995
0.000592156
0.0065597887
0.0003736052
0.0065597887
0.0065597887
0.0019742204
0.0065597887
0.00026055335
0.0065597887
0.0065597887
0.0002555051
0.00041101384
0.0065597887
0.0065597887
0.000679955
0.002565689
0.0065597887
0.0005539857
0.00070574076
0.0065597887
0.0065597887
0.0065597887
0.0065597887
0.001005097
0.0065597887
0.0016263461
0.0065597887
0.00095444015
0.00612158
0.020193823
0.004442026
0.0007410524
0.0065597887
0.0065597887
0.0065597887
0.00018210753
0.0065597887
0.0065597887
0.0065597887
0.00035752886
0.0065597887
0.0065597887
0.0065597887
0.0017565524
0.0065597887
0.0065597887
0.0077205095
0.0065597887
0.0065597887
0.0065597887
0.0065597887
0.00016216375
0.0031033254
0.0024834706
0.0065597887
0.0019832284
0.0026892344
0.0065597887
0.0005568675
0.0076435665
0.0037577068
0.00012472803
0.0004166996
0.006475664
0.0065597887
0.0065597887
0.0029417202
0.0065597887
0.0012486082
0.0065597887
0.0008079119
0.0065597887
0.0065597887
0.0065597887
0.16384782
0.000436809
0.0065597887
0.0065597887
0.0016534202
0.0004820753
0.004201713
0.00010519448
0.001651257
0.0007457834
0.0065597887
0.00041060656
0.0065597887
0.0019931982
0.0010069093
0.0065597887
0.00031713155
0.0018497435
0.00040805517
0.0065597887
0.0054323017
0.0005289508
0.0065597887
0.000293686
0.022353409
0.0010131332
0.0065597887
0.00019845688
0.000780327
0.00058756454
0.0081824325
0.00045595286
0.0065597887
0.0065597887
0.002085475
0.0031889114
0.0006031969
0.00018689407
0.00094997487
0.00045762444
0.0018895046
0.0039005743
0.0065597887
0.0010667924
0.0023636713
0.00048235312
0.00036443945
0.000743632
0.0001495552
0.00039637732
0.0065597887
0.0006354686
0.017952971
0.0065597887
0.00020888468
0.0005202462
8.337264e-05
7.136067e-05
0.0016572388
0.0070689307
0.0013648311
0.0065597887
0.010297686
0.0065597887
0.0065597887
0.038882483
0.0065597887
0.0007811119
0.0065597887
0.0006264861
0.0065597887
0.0010505865
0.0065597887
0.0065597887
0.022822503
0.0065597887
0.0065597887
0.00010570519
0.0073222895
0.0041099275
0.0003834471
0.013661962
0.0065597887
0.00075832714
0.00024218317
0.0003471308
0.00036644016
0.00069603394
0.00017682368
0.0065597887
0.00043906353
0.00031011933
0.013118567
0.0002479881
0.00031393295
0.00029704714
0.0074162777
0.00075104396
0.00020045448
0.012003098
0.002439609
0.0005197406
0.0065597887
0.00050481927
0.002213196
0.0065597887
0.00958701
0.0010323372
0.0090128835
0.0046083033
0.12426968
0.028701846
0.0008996037
0.00069854385
0.0006454902
0.0013338723
0.0002736987
0.0006210604
0.0065597887
0.00894784
0.0065597887
0.00080010877
0.0065597887
0.00024257605
0.0018085197
0.0010276586
0.010846971
0.00045580618
0.00037184457
0.0052421675
0.006532073
0.0003764539
0.0007086631
0.00028896905
0.0010433493
0.00023902825
0.0008319252
0.00019016457
0.0017108887
0.00084684126
0.00034156747
0.0013267859
0.0065597887
0.0029675781
0.023947002
0.0065597887
0.00029289915
0.003460763
0.002727171
0.00052235054
0.015099636
0.046725046
0.0062347534
0.0002663524
0.0010986495
0.005987912
0.00025460558
0.05678497
0.0006316193
0.0072879354
0.007111479
0.006325462
0.00040032953
0.0034966215
0.0037535857
0.0028400293
0.007677985
0.000490584
0.07307757
0.0065597887
0.0022482409
0.0037455773
0.011717546
0.0012715504
0.0013358868
0.0011711747
0.016444582
0.035262108
0.07627262
0.020879034
0.0021887368
0.00039505176
0.046811204
0.03658339
0.00059013587
0.0007639389
0.0011099904
0.0015436668
0.0015941156
0.0027925381
0.0015942575
0.00082266773
0.0015845879
0.00065698085
0.051987592
0.12683694
0.0069519803
0.003271651
0.012591867
0.0001854005
0.00061671203
0.0024945545
0.00162532
0.007178085
0.00078447047
0.00044237173
0.0007882723
0.002045246
0.0005762936
0.0013302439
0.00020104423
0.025011836
0.00036761322
0.00188492
0.0021658011
0.00020843485
0.00080736744
0.0012021438
0.008404509
0.00057389494
0.0006589935
0.0065597887
0.0012204818
0.0010871679
0.00065277395
0.0074956394
0.00033091594
0.00059906923
0.0065597887
0.00042986995
0.00035528786
0.000121814315
0.00036127132
0.01406001
0.00036982278
0.06643413
0.0065597887
0.0065597887
0.007078218
0.0022185482
0.0026053789
0.00044799692
0.0009487976
0.0007461001
0.0007123676
0.006396892
0.0038893193
0.00064889377
0.0005992591
0.0065597887
0.00074350624
0.001652985
0.0006392438
0.0044101826
0.001292844
0.0013733729
0.0065597887
0.0006176723
0.0008695807
0.00015507151
0.00072725053
0.00063432613
0.00031903383
0.00038721377
0.0007254702
0.0065597887
0.0003349437
0.00095143367
0.00021047848
0.00044016025
0.00030543542
0.0005760517
0.0065597887
0.00062977814
0.0065597887
0.00030325228
0.00117139
0.0057170796
0.0005647251
0.0074273953
0.0002220485
0.00027620792
0.000949152
0.0047412585
0.007974305
0.01625319
0.00020969287
0.00025569493
0.0004597904
0.0065597887
0.0004735464
0.00075451605
0.033722777
0.0013576484
0.00029616937
0.0014916578
0.00054763426
0.00020249576
0.00015459096
0.00039108878
0.0065597887
9.171754e-05
0.00053974835
0.000341135
0.00016754982
0.00031655098
0.00040651613
0.0021346696
0.118056335
0.0028347434
0.005569344
0.0065597887
0.00037419135
0.0007066965
0.00042050405
0.0004777004
0.0040689455
0.0011582854
0.000649914
0.0065597887
0.0065597887
9.641487e-05
0.0007099988
0.0048029493
0.0007304011
0.0015873422
0.0019790235
0.0004658048
0.00040832875
0.004423224
0.00025657576
0.0027319943
0.00048938737
0.0002635216
0.0019168586
0.003950505
0.017942702
0.00019216117
0.00024831225
0.0008125006
0.009411278
0.003533644
0.0010801629
0.0017369847
0.004772182
0.0005387158
0.03449018
0.012559957
0.03158966
0.00060699374
0.004135582
0.00066318427
0.0011277115
0.00052149757
0.0003650716
0.023330519
0.00019262327
0.004604239
0.0009456947
0.00046378977
0.0026594084
0.00022024444
0.00041690405
0.00029819293
0.0007007515
0.0014371414
0.00050861156
0.005590964
0.0009457862
0.002164565
0.00023563967
0.00021382209
0.0053801513
0.00637647
0.0017581449
0.00020476917
0.00079794414
0.00036632683
0.000585864
0.00072553655
0.0007082161
0.0017690986
0.009778828
0.0063322093
0.00021409587
0.002958243
0.026744366
0.0044116774
0.003458863
0.0016740137
0.18211398
0.007192228
0.00047448848
0.00019899577
0.0016526649
0.0002445476
0.0016681046
0.00028183113
0.0023252633
0.0012507883
0.0032001934
0.0020033428
0.002226336
0.0005202851
0.0006377988
0.00029242033
0.0017174811
0.57681596
0.00018560655
0.00036680594
0.0022352068
0.0030772667
0.00031075178
0.0003299768
0.00024444246
0.00046753546
0.00028506562
0.0010231034
0.00208352
0.0015105264
0.004476063
0.0017552676
0.015872383
0.0008683127
0.060900852
0.027270045
0.00022049341
0.030365113
0.0015056367
0.001823033
0.00035019813
0.00029994815
0.00072521926
0.0005264018
0.001550413
0.0096596
0.002142304
0.006837085
0.0008333653
0.005727715
0.00044408478
0.012795373
0.00018238695
0.00033640282
0.00027001358
0.0041249143
0.00021771436
0.0003181642
0.00048141403
0.00406549
0.007929261
0.003807065
0.0024695285
0.0003246345
0.0024099457
0.029319977
0.0005931335
0.0024807896
0.001517932
0.0012210686
0.035828467
0.0007203786
0.00091299426
0.01384359
0.029701784
0.0149604445
0.0020821027
0.0009535795
0.0010072442
0.0008358692
0.00043170515
0.00013246357
0.0031031645
0.00083358923
0.018118564
0.0005503671
0.0008589444
0.0004567707
0.00031136983
0.00034676612
0.0040966985
0.0018004194
0.010529305
0.001344877
0.0010756503
0.0009993721
0.0012696818
0.00020618623
0.0018803315
0.00052655436
0.0016462996
0.00041967368
0.0005791743
0.00071263476
0.0065597887
0.0032526553
0.0011580361
0.00030954008
0.0005549761
0.0038212694
0.0011344797
0.0028776473
0.0010309848
0.008876287
0.0021900618
0.00086027215
0.00055725616
0.000652661
0.0004953421
0.0004447982
0.0003212169
0.000197452
0.00019423816
0.0009993035
0.0003256003
0.00020580362
0.000107768035
0.0002635178
0.000121194804
0.000698259
0.0008615809
0.0014889806
0.0013744013
0.003348959
0.0011234767
0.00031522708
0.0003339747
0.0034270007
0.0015825401
0.0010853817
0.0004197235
0.0007159959
0.0023013286
0.00053475914
0.0007527034
0.0006899636
0.00041239124
0.0005511099
0.00016752459
0.0038375987
0.0006106517
0.0011265476
0.00034173994
0.00085693947
0.0003915232
0.011909128
0.00020847023
0.0005882482
0.00011155943
0.00034567493
0.0025110182
0.025644565
0.00067941897
0.0003714189
0.00071109174
0.0022726886
0.00080466503
0.00041185378
0.0016101879
0.0006366683
0.020027414
0.023856899
0.0009226495
0.0017211671
0.00096102705
0.010774607
0.001527317
0.00028302966
0.0005484939
0.002101791
0.00028117356
0.00017348275
0.0017882839
0.0007136406
0.00026228183
0.00281188
0.0012696033
0.0006365454
0.00071476056
0.0041038757
0.00037388917
0.003086109
0.0011488053
0.0004284134
0.0058050277
0.0005136509
0.0006953335
0.00030927517
0.0017868596
0.04106326
0.0003080275
0.0009178966
0.00029780425
0.0021284018
0.026248006
0.00022811918
0.0099485805
0.0006946159
0.0024050064
0.00064168515
0.0031580266
0.00043918993
0.0010611569
0.0004959308
0.00037469168
0.0010366312
0.0003408795
0.0009245495
0.0007413239
0.0008274643
0.00044956588
0.0016232793
0.0003672645
0.011587248
0.0005737457
0.0061130566
0.0005857967
0.00060408725
0.0004998902
0.02024313
0.07058812
0.0016604996
0.104815125
0.18065168
0.0018379942
0.00026079515
0.062118415
0.00048358212
0.00025440854
0.00032801024
0.0008780123
0.00023777397
0.06308036
0.006897273
0.00077874504
0.00075359415
0.0003859773
0.080858395
0.13555962
0.0031687464
0.0033503328
7.817713e-05
0.07079176
0.00040826647
0.043374464
0.00015168767
0.0013175888
0.0010663626
0.118644886
0.039937332
0.0006460075
0.0061063855
0.00653885
0.0043863934
0.00019789323
0.00038902563
0.0033111619
0.00019410171
0.0029157319
0.00040651322
0.00086929783
0.000103234735
0.0002623341
0.002137241
0.0014366754
0.000968984
0.0006394711
0.0007802931
0.0025300342
0.00016638872
0.004834989
0.0018767134
0.013878899
0.00055979576
0.0017216434
0.23658223
0.0005027738
0.0009477478
0.0007636084
0.0025657169
0.00013522673
0.0005956809
0.0033945614
0.0035381685
0.00086552725
0.0015164958
0.00019657623
0.003874408
0.00021883694
0.00015215238
0.000183297
0.0077450047
0.0011167922
0.0004994986
0.00012568399
0.0018534051
0.0016886009
0.002484663
0.0003564906
0.023021096
0.00014532628
0.00054576824
0.0002499724
0.008249359
0.0005361803
0.00040669017
0.0011154547
0.0003620138
0.0012328399
0.0008842827
0.00075848354
0.00017814165
0.00050060585
7.639813e-05
0.00036563218
0.00027317443
0.00070952775
0.0003275896
0.00094110164
0.0034362208
0.0021970095
0.0003727187
0.00094598584
0.00053312164
0.0016028457
0.0011426384
0.00045438414
0.00018397269
0.00058402336
0.0010030178
0.023350079
0.00058952393
0.0006379435
0.0009484229
0.0010673114
0.0013853968
0.0022627348
0.00035496167
0.00027976144
0.0015403581
0.00016647157
0.0049981945
0.00041898733
0.0031327757
0.0003497482
0.00039446956
0.0019228425
0.0002440964
0.0025048687
0.0019511257
0.0033145058
0.0006765946
0.0010968241
0.0009836237
0.00080948666
0.0018036403
0.00023177767
0.0038519828
0.0013707052
0.0019388711
0.00078431424
0.00086617866
0.0017568617
0.00060831476
0.0007291867
0.00027565495
0.00033086454
0.00057854265
0.0007991251
0.0002073567
0.0006077361
0.0009935342
0.0004868864
0.00031908188
0.0011810822
0.00035977675
0.0015956638
0.0015945429
0.010676443
0.0010644576
0.0040919194
0.0019435004
0.00082010485
0.017269535
0.0003642588
0.00014628014
0.0026355053
0.0012324131
0.00011459915
0.23415872
0.0032317364
0.04902653
0.025542477
0.003956963
0.00086573965
0.00033197386
0.0023311435
0.9368553
0.0032396645
0.010078001
0.0640671
0.014609436
0.027379181
0.013852531
0.00031741647
0.003351207
0.0022634089
0.0070555387
0.00019269454
