0.0001897823844702805
4.459992443309453e-06
2.357277299049365e-05
4.46371017847554e-05
9.11778760273976e-06
0.00026636769843800057
0.00011337699622396113
0.0005796102044244714
2.741405519966994e-05
3.071692995324932e-05
2.9620218277037174e-06
0.002230532797894371
5.21657240646222e-06
0.0008202155864086957
0.00026901316199862574
6.839768590843186e-06
6.258552420768365e-05
5.711201983425905e-06
3.35180307922939e-06
9.553202139901409e-06
1.8459273645474316e-05
7.421010379322713e-05
4.702327952506943e-05
9.400689602495511e-05
6.9688674923185984e-06
8.021033630137981e-06
5.094939625455486e-05
0.0026287603260675397
1.4941945097669907e-05
3.6977647114023533e-06
3.394057646002656e-05
0.003415838097554776
2.230079988012903e-05
0.00011890201309841132
1.087737874013507e-05
6.638059496415834e-05
1.646229130505439e-05
2.2094577793445676e-05
0.005109292725848415
4.602325517139972e-06
0.000465447601487756
0.00016281771477421808
0.0004217580309593446
2.0695582932186816e-05
8.207307246832212e-06
6.187989442067811e-06
1.0865757881564716e-05
1.3933586627763785e-05
7.5227224092671e-06
3.615563153192109e-06
1.1111068608735271e-05
0.0006558534434161807
2.5164963988031077e-05
0.0015254179064642245
0.0007341630846450961
0.17238638769759587
2.9723081177481898e-05
2.5603435260123593e-05
6.15736818325027e-06
2.3779631962590654e-05
1.6241196535571647e-05
4.4961284629902215e-06
0.00018468058227169177
0.00011690411250220004
0.0014828179942257484
4.321393533062055e-05
8.484470136294472e-06
1.689930574584863e-05
1.5056037259604828e-05
8.273951807736593e-05
1.4459344742714002e-05
8.872764705665771e-06
1.0857735637447082e-05
0.00028819632167541027
6.2690504081239806e-06
2.014154004226164e-05
0.002454505673365718
0.00016833484751207757
0.0005173318297064358
2.5031598059217595e-05
6.707318841539528e-06
4.139315457993183e-06
7.899769006789783e-06
0.0007840558619821573
8.102866893403967e-05
1.3541875000650475e-05
7.789283352714179e-05
0.0008186554560609407
0.0032158522048721114
6.722754224910064e-06
0.00026132036256654406
4.210345665072649e-06
8.425054723063435e-06
2.0069302638850697e-05
2.001473790233288e-05
3.604981443954327e-05
0.0007282658740075379
8.02237220323223e-06
3.3377213778900516e-05
1.4704350068912677e-05
4.620719232741416e-05
1.3784664111970773e-05
0.00033195031966073085
4.26630635613567e-06
8.23913274827828e-06
0.0001303708372805313
3.361210608639334e-05
0.0001648081398559584
1.445461895022303e-05
0.0010476094084165236
6.178096473171352e-06
4.352769766729908e-05
5.170380915094097e-06
4.24199186135343e-06
6.063191565280449e-06
6.373311308647597e-06
0.00013716008618882018
3.836196437609189e-05
2.6185623649832473e-06
8.25980107932057e-06
3.167752361078683e-05
2.3295162416775368e-05
1.1243741452476756e-05
4.226661259696005e-05
5.112143628080792e-06
0.0004885551545335329
4.79769805540806e-05
2.1080545129760947e-05
1.7322536804512243e-05
1.0642593556000983e-05
5.8787307841914794e-06
2.619857917189323e-06
4.3620346152135775e-06
0.014016370541181496
8.16542429278929e-05
7.696141400350681e-05
8.236880236183478e-06
2.9086271095294022e-05
1.3642898199778044e-05
2.133049641656017e-05
3.6891297116023263e-06
7.4476120967421765e-06
3.703146030990631e-05
4.6991468290853216e-05
4.269212740228213e-06
1.222177374467783e-05
0.00020022933713724145
0.002627460132834401
0.0014981557887500329
5.382059884252435e-05
7.8322152531306e-06
4.730436041737775e-06
3.3554377044570125e-06
4.5841183362963034e-06
6.112014239090946e-05
3.983969468389404e-06
1.3714384001298244e-05
9.008795496160225e-05
0.00012924992385421016
1.3948281184671183e-05
1.0843824094716607e-05
3.017736694905948e-05
5.66551370025012e-06
0.0005056073615807549
7.012433413765069e-05
5.2222861841638246e-05
0.0004434017248880004
9.66965075246856e-05
0.00020601486177379983
8.945250016212103e-06
0.006071409548730632
1.9653295510513784e-05
7.369907513081395e-06
8.868143140950584e-05
7.291381129737426e-05
0.00021986107690469175
4.274839840266064e-05
7.834229955858107e-05
5.996904958526108e-05
0.00021183422047032097
4.9962778039478256e-05
1.3087094248533244e-05
2.87612652476181e-05
4.533531830296531e-06
0.0008592581738485701
0.00011600034420515945
0.0002361055676543206
6.380323366580335e-05
0.004045525945965868
3.1238819298221925e-05
0.001523310876669051
7.920048859124014e-05
0.180077498588375
0.03203107392338047
2.6777760808205154e-05
6.425621304855267e-05
0.00026906080847348163
6.52419753288083e-05
0.0001912726239895171
0.0020292136022432776
1.871717737015676e-05
1.8051770762640087e-05
3.941951202414859e-06
5.152692782763375e-06
0.0006603131123622013
0.0001617588253543408
9.384802231878716e-06
0.0025092362779229266
5.0470128012896544e-05
8.800914146353745e-06
4.1105016971141025e-05
7.740281968287991e-05
4.1930668246610614e-05
3.4997484759179918e-06
4.9733187824448065e-05
0.0008020831519248796
4.001813359583353e-06
0.00017789445681343588
0.00017927236583152988
0.00010163566688465213
2.5125013795915882e-06
1.2307218945591789e-05
3.579084429425969e-05
2.6693974457825944e-05
4.419296447279508e-06
1.7917885638286887e-05
0.00015901494776258938
1.5242080407272736e-05
9.460823370671275e-05
0.00016336702900504054
0.0248957556224886
0.00013800603699006762
9.571581576159364e-06
0.0020433190604055864
0.013689929503741184
0.0001796523832982083
1.4871485666655967e-05
4.150495335901072e-05
1.8343200626802945e-05
1.0380139572806275e-05
0.0007381729884096142
0.00011362889202337544
1.0751375376494405e-05
1.5854000553411427e-05
0.0005165283624276635
3.819993052356103e-05
0.0013318931142127315
2.6921624295080565e-05
9.682767337722209e-05
0.0032508784437306165
7.774501841342677e-05
5.234308700517371e-05
0.00010879190837699615
0.07529203756831239
0.002754731616224574
7.21570439277737e-05
2.285552698698203e-06
1.1440687918780148e-05
4.1726591638371744e-05
2.7982737979950495e-06
0.013374492202727793
0.0001429433976412279
0.012161164617781014
0.11875128353910502
0.00041603420522012103
5.6541934114325636e-06
4.8648606514621e-06
0.0009691072046187778
1.7442007816801883e-05
0.00020351570865609602
2.8786357598035807e-06
0.0004468103446466672
0.00011488283550417408
4.166965563515507e-06
0.00023213103870625598
0.0006461285568474646
9.636634446577044e-06
9.438279184997993e-06
0.019288382985946446
2.0083503403400007e-05
5.2063574098362605e-05
3.772145412410504e-06
8.536719059470254e-06
0.0005318273071374479
0.004612195258783394
0.056731224213268025
6.158318452084517e-05
2.9967848492531246e-06
8.001419990536949e-05
0.0005199623914645106
0.000559768787090251
0.0003261138373990874
0.0004419173065534958
1.1752906154874945e-05
2.985973552281069e-05
2.073107121739261e-05
0.000116490052181898
9.527832077691659e-05
8.477500699784956e-06
0.00016336702900504054
0.00012812560430944874
0.0015664574259235528
0.00015772208453686176
0.3934242598467207
3.254421623942055e-05
0.00028403158803678075
2.936858367542658e-05
3.931132557939159e-06
7.454002526605667e-06
5.0224668006874465e-06
0.0006260703437352391
0.028857137739902325
2.6681660756901404e-06
0.024556499708323635
0.0009590089428971166
0.055059680725174615
0.0002841901554627718
6.776824834412707e-06
0.0009955591177220552
4.0290844799960474e-06
1.906578430248844e-05
5.848142482806209e-06
0.00015810977778026145
1.0812080028065152e-05
0.0007226983115478817
0.00042172497057717376
0.0007519914805643407
0.021838411059155242
1.2738742403519043e-05
5.525613638698926e-05
0.001273743412922177
0.0008299922271784087
0.00035117710645498154
3.0364486741013674e-05
2.0894491297893197e-05
9.361903233826335e-05
1.0974808821714745e-05
8.065802551881026e-06
3.1107799920078186e-05
0.00236347396303689
0.00010902587144579119
7.37694616011573e-05
7.838370716255579e-05
0.06940477259354727
0.01327266235791799
0.005588782792921284
0.0007040236837214823
0.00022172666506735348
0.018824147273331895
2.3766156207458683e-05
4.39264025885109e-05
0.00036916150152990437
8.167710756953115e-06
0.0044051629312407675
6.369679713873366e-05
0.0008544382852221679
0.021474637503870745
7.980130242220172e-05
2.9425060571995096e-05
8.896537105095517e-05
5.700109859049435e-06
0.00036730881983143093
0.0004571247905421404
0.00010902026339140878
2.249259934415204e-05
0.0016942038796637904
0.00025390086243054966
0.00033216289524340685
9.530327593736904e-06
0.9989982115252262
0.0003013383008683999
3.3499092897863466e-05
3.7752264936122296e-06
7.580379297690463e-05
2.9157352909430295e-06
0.0003454780811669985
4.410233710088719e-05
6.51257616562057e-05
1.157469915584107e-05
6.989867774874215e-06
0.0025563335036676346
0.0029927564102705984
0.000278040690313723
1.2316760496541318e-05
0.00039345422603923795
0.014402684241920843
4.473969045176901e-05
2.2376745314089743e-05
2.245100781401957e-05
0.0001843140317529547
0.00020550975982964776
0.0032923394019945492
0.0011634343381909404
1.7239348187275353e-05
0.0010229851262009504
3.1982370451378133e-06
0.05171723914749846
1.1188815548021362e-05
1.4699137357495413e-05
3.584826952733457e-06
0.04404180056953319
8.267772168631576e-05
5.29600440809182e-06
5.845984202215102e-06
5.450730438426845e-06
0.0027034478728892673
7.314074581039815e-05
8.091101445356404e-06
9.406102065020046e-05
6.230400946244755e-06
0.0013604338272514165
1.6954260538553565e-05
0.01732648268983115
0.0007737545174297502
6.02555693420479e-05
1.5256234865407143e-05
8.661661640358128e-05
4.449244596680807e-05
1.8446482513259836e-05
0.0002774977256926575
3.928963248097728e-06
0.0002575444266535327
0.00028411240683107956
0.0016346557739339582
7.604743493637997e-05
0.0008646968578428444
0.0033864071390296035
4.913479910781982e-05
9.258930419021152e-05
0.0030962768873847813
6.243894797047264e-06
0.0006487930954219768
0.002150500138860078
1.445101948761141e-05
6.324071517897803e-06
1.745664111075023e-05
0.0050550877427756906
1.0245195616686369e-05
7.967187513296127e-05
5.226925263792202e-06
3.6977647114023533e-06
5.082825446134694e-06
1.183075505119893e-05
8.814267610785927e-06
8.918093223359145e-05
1.5240569048914074e-05
2.809555755801483e-05
0.0037940047064965576
3.779155542231644e-05
0.004015635759082739
1.1994979951061756e-05
0.005641645468356958
0.0022417896658187214
1.648368233477167e-05
2.4897418021243274e-05
4.422929061127364e-05
4.095003788895581e-06
0.000204119578217489
1.945788631616629e-06
1.5859980188277195e-05
0.0004443918234924017
9.874253384142708e-05
1.741332322147918e-05
3.207606883539112e-06
0.00044941281692871586
2.66705870773392e-05
8.794913236749005e-06
2.814323408547683e-05
7.882573278066201e-06
1.2871543220458108e-05
1.4378252396390231e-05
8.3135771037156e-05
4.791853362568002e-06
4.1706030635157305e-06
9.45632421450173e-06
2.12963159060136e-05
3.6977647114023533e-06
3.6977647114023533e-06
0.00028312945087092146
6.045324151129452e-05
3.6977647114023533e-06
4.629424971452259e-05
1.773287802574094e-05
1.4256792617483866e-05
5.560779621707653e-06
3.6977647114023533e-06
3.6977647114023533e-06
0.00012857109245748593
0.00018289783824644216
3.6977647114023533e-06
3.6977647114023533e-06
3.6977647114023533e-06
3.6977647114023533e-06
3.6977647114023533e-06
3.6977647114023533e-06
3.6977647114023533e-06
3.6977647114023533e-06
3.6977647114023533e-06
3.6977647114023533e-06
3.6977647114023533e-06
3.6977647114023533e-06
3.6977647114023533e-06
3.6977647114023533e-06
0.000471771135022471
3.6977647114023533e-06
3.6977647114023533e-06
3.6977647114023533e-06
3.6977647114023533e-06
3.6977647114023533e-06
3.6977647114023533e-06
3.6977647114023533e-06
1.7869576159643017e-05
2.3267329998667396e-06
3.6977647114023533e-06
3.6977647114023533e-06
3.6977647114023533e-06
3.6977647114023533e-06
3.6977647114023533e-06
3.6977647114023533e-06
3.6977647114023533e-06
3.6977647114023533e-06
3.6977647114023533e-06
2.2133796445100595e-05
3.6977647114023533e-06
3.6977647114023533e-06
3.6977647114023533e-06
3.6977647114023533e-06
3.6977647114023533e-06
1.8850614846440353e-05
3.6977647114023533e-06
3.6977647114023533e-06
3.6977647114023533e-06
3.6977647114023533e-06
0.00010638979547688571
3.6977647114023533e-06
3.6977647114023533e-06
4.22910441699346e-06
3.6977647114023533e-06
3.6977647114023533e-06
3.6977647114023533e-06
3.6977647114023533e-06
3.6977647114023533e-06
3.6977647114023533e-06
3.1759031677428798e-06
3.6977647114023533e-06
3.6977647114023533e-06
3.6977647114023533e-06
3.6977647114023533e-06
3.6977647114023533e-06
2.2727397234298885e-05
0.001325744548694108
3.6977647114023533e-06
3.6977647114023533e-06
3.6977647114023533e-06
3.6977647114023533e-06
3.6977647114023533e-06
3.6977647114023533e-06
3.6977647114023533e-06
3.6977647114023533e-06
3.6977647114023533e-06
0.0001442707740761029
3.6977647114023533e-06
3.6977647114023533e-06
3.6977647114023533e-06
3.6977647114023533e-06
3.6977647114023533e-06
3.6977647114023533e-06
3.6977647114023533e-06
3.6977647114023533e-06
3.6977647114023533e-06
3.6977647114023533e-06
3.6977647114023533e-06
3.6977647114023533e-06
3.6977647114023533e-06
3.6977647114023533e-06
2.4119775965654376e-05
3.6977647114023533e-06
3.6977647114023533e-06
3.6977647114023533e-06
3.6977647114023533e-06
3.6977647114023533e-06
3.6977647114023533e-06
3.6977647114023533e-06
6.005051017236634e-05
0.001919511353535434
3.6977647114023533e-06
3.6977647114023533e-06
3.6977647114023533e-06
3.6977647114023533e-06
3.6977647114023533e-06
3.6977647114023533e-06
3.6977647114023533e-06
3.6977647114023533e-06
3.6977647114023533e-06
7.234259614866761e-05
3.6977647114023533e-06
3.6977647114023533e-06
3.003922541040885e-05
3.6977647114023533e-06
3.6977647114023533e-06
3.6977647114023533e-06
3.6977647114023533e-06
3.6977647114023533e-06
3.6977647114023533e-06
3.6977647114023533e-06
3.6977647114023533e-06
3.6977647114023533e-06
3.6977647114023533e-06
1.9041334801094427e-05
3.6977647114023533e-06
3.6977647114023533e-06
3.6977647114023533e-06
3.6977647114023533e-06
3.6977647114023533e-06
0.00032380131486236326
3.6977647114023533e-06
3.6977647114023533e-06
1.0024538822153261e-05
3.6977647114023533e-06
3.6977647114023533e-06
3.6977647114023533e-06
3.6977647114023533e-06
1.784578737356157e-05
3.6977647114023533e-06
3.6977647114023533e-06
3.6977647114023533e-06
0.0007777485565626461
3.6977647114023533e-06
3.6977647114023533e-06
3.6977647114023533e-06
3.6977647114023533e-06
3.6977647114023533e-06
3.6977647114023533e-06
0.0006205954521751358
3.6977647114023533e-06
3.6977647114023533e-06
1.4376448480716308e-05
3.6977647114023533e-06
0.0002902703340611597
3.6977647114023533e-06
0.00016312653410968715
3.6977647114023533e-06
3.6977647114023533e-06
3.6977647114023533e-06
3.6977647114023533e-06
0.0005912885389431857
3.6977647114023533e-06
3.6977647114023533e-06
3.6977647114023533e-06
3.6977647114023533e-06
3.6977647114023533e-06
3.6977647114023533e-06
3.6977647114023533e-06
0.00025460247767489127
3.6977647114023533e-06
3.6977647114023533e-06
3.6977647114023533e-06
3.6977647114023533e-06
3.6977647114023533e-06
3.6977647114023533e-06
3.6977647114023533e-06
3.6977647114023533e-06
3.6977647114023533e-06
3.6977647114023533e-06
5.3577208838797254e-05
3.6977647114023533e-06
3.6977647114023533e-06
0.00012978808758810095
3.6977647114023533e-06
0.0005697423024199605
0.0010970971519482287
3.6977647114023533e-06
3.6977647114023533e-06
3.6977647114023533e-06
0.0028122758865751244
1.957817768189262e-05
3.6977647114023533e-06
3.6977647114023533e-06
3.6977647114023533e-06
3.6977647114023533e-06
3.6977647114023533e-06
0.0023446440652761832
0.0001408719150308555
8.447853507803964e-06
8.742873984945795e-06
2.0887965236888107e-05
3.6977647114023533e-06
3.6977647114023533e-06
3.6977647114023533e-06
8.778004050165437e-06
1.0431050633731558e-05
3.6977647114023533e-06
8.301871646638262e-05
0.0017657275080627556
3.6977647114023533e-06
7.824489950253825e-06
3.6977647114023533e-06
5.257125167208542e-06
3.6977647114023533e-06
3.6977647114023533e-06
0.0001326907562238206
8.365110623001193e-05
3.6977647114023533e-06
3.6977647114023533e-06
3.6977647114023533e-06
3.6977647114023533e-06
3.6977647114023533e-06
3.6977647114023533e-06
3.6977647114023533e-06
3.6977647114023533e-06
3.6977647114023533e-06
3.3637418245884674e-06
3.6977647114023533e-06
4.808961113153041e-06
0.055768756848269464
3.6977647114023533e-06
3.6977647114023533e-06
6.227115514535499e-05
2.26360365516564e-05
3.6977647114023533e-06
3.6977647114023533e-06
0.00010040938816578479
4.392131910439223e-06
3.6977647114023533e-06
0.0028572977181082855
2.183189715370147e-05
3.6977647114023533e-06
3.6977647114023533e-06
9.615148311796845e-06
8.60258638383873e-06
4.003742559037257e-06
3.6977647114023533e-06
3.6977647114023533e-06
1.2419127314789449e-05
2.624204266150265e-05
0.006275495877698557
9.539967318549835e-05
3.6977647114023533e-06
0.00010698260936085675
3.6977647114023533e-06
0.0005286847355272025
1.9087614957463277e-05
3.6977647114023533e-06
3.6977647114023533e-06
8.224894158732441e-06
3.6977647114023533e-06
4.1364083603166625e-05
3.6977647114023533e-06
3.6977647114023533e-06
3.6977647114023533e-06
3.6977647114023533e-06
3.6977647114023533e-06
1.3100393076494636e-05
3.6977647114023533e-06
3.6977647114023533e-06
3.6977647114023533e-06
3.6977647114023533e-06
0.006533674066966156
3.6977647114023533e-06
1.019177543954043e-05
0.00013650861545169972
3.6977647114023533e-06
0.0003369201668019056
3.6977647114023533e-06
3.6977647114023533e-06
5.754221390701651e-06
3.6977647114023533e-06
0.00016728847996757293
9.063413780150186e-06
3.6977647114023533e-06
3.6977647114023533e-06
0.0002085151325259873
0.0011135807036645967
4.091972017554476e-05
5.948558541091112e-06
0.00881170136730682
9.426136530113085e-05
3.6977647114023533e-06
3.6977647114023533e-06
7.307388193278384e-05
0.0006547699626342104
3.6977647114023533e-06
2.896579491619528e-05
3.6977647114023533e-06
2.6252687285964613e-05
0.0011377128676734742
0.0003783251639216375
3.6977647114023533e-06
9.353093954831231e-05
2.024140147372039e-05
3.6977647114023533e-06
3.6977647114023533e-06
0.1412475191645739
0.0008632364982139246
3.6977647114023533e-06
9.323176228453506e-05
0.015174982111423584
9.5021758935998e-06
0.00033733135677228214
3.6977647114023533e-06
1.2949535585056674e-05
3.6977647114023533e-06
5.411751437334302e-06
0.001205596507495312
0.00018247580191931096
3.6977647114023533e-06
4.749146846227186e-06
3.6977647114023533e-06
9.92900183565131e-06
3.3887242968634764e-05
0.0004101315227946897
3.6977647114023533e-06
3.6977647114023533e-06
0.0009440743713896675
5.397335478852036e-05
0.0010882757558239554
1.5521400542221595e-05
3.6977647114023533e-06
0.7729559776905403
3.6977647114023533e-06
3.6977647114023533e-06
1.1453609081117926e-05
3.6977647114023533e-06
3.858777874023267e-05
3.6977647114023533e-06
3.6977647114023533e-06
1.2690992139484526e-05
9.190865045781146e-06
3.6977647114023533e-06
3.6977647114023533e-06
5.858795210269082e-06
1.0187810147303354e-05
3.6977647114023533e-06
4.335172486563099e-05
1.1716278077664295e-05
3.6977647114023533e-06
3.6977647114023533e-06
3.6977647114023533e-06
3.6977647114023533e-06
8.978652805705554e-06
3.6977647114023533e-06
9.616589749123101e-06
3.6977647114023533e-06
4.330542845558694e-06
6.978597141300109e-05
1.4448368595237375e-05
5.156531885065128e-05
0.00043628653394943813
3.6977647114023533e-06
3.6977647114023533e-06
3.6977647114023533e-06
0.02837066238064552
3.6977647114023533e-06
3.6977647114023533e-06
3.6977647114023533e-06
1.7924225398626304e-05
3.6977647114023533e-06
3.6977647114023533e-06
3.6977647114023533e-06
3.5917302326376256e-05
3.6977647114023533e-06
3.6977647114023533e-06
0.00048443778816186796
3.6977647114023533e-06
3.6977647114023533e-06
3.6977647114023533e-06
3.6977647114023533e-06
8.65159235334356e-06
8.80088348468572e-05
0.005404931945084088
3.6977647114023533e-06
2.5011527649473683e-05
0.0001256556409087692
3.6977647114023533e-06
0.0003285266247954593
1.686321310806377e-05
0.00013010526049249502
8.507441840922558e-05
4.503702920595388e-06
1.5744885942638005e-05
3.6977647114023533e-06
3.6977647114023533e-06
0.001200088981659483
3.6977647114023533e-06
0.0016597988425719312
3.6977647114023533e-06
5.9802886670611466e-05
3.6977647114023533e-06
3.6977647114023533e-06
3.6977647114023533e-06
1.8444026841768464e-05
0.0004930192410786862
3.6977647114023533e-06
3.6977647114023533e-06
6.9531136561671e-06
0.00011005890193019554
3.3887242968634764e-05
0.0001401702652117235
6.5615398017882875e-06
9.033943516486455e-06
3.6977647114023533e-06
0.00014471715910843033
3.6977647114023533e-06
2.5669483706603137e-05
7.996926153761658e-05
3.6977647114023533e-06
4.0725816593558297e-05
1.607434296625175e-05
6.7755958070859015e-06
3.6977647114023533e-06
0.00012518813477046473
1.4465820923195013e-05
3.6977647114023533e-06
5.80274825224592e-05
8.850434462611949e-05
0.000178371068108084
3.6977647114023533e-06
1.1999546000626303e-05
3.9392284181443024e-05
5.768869961488252e-05
4.873784296551622e-05
0.0002987261544093862
3.6977647114023533e-06
3.6977647114023533e-06
0.025467833986675965
1.9972202519549702e-05
2.3869464428809742e-05
0.0006235805945306385
1.59469961553886e-05
1.920012294716065e-05
2.6321306442398317e-05
8.069491381136642e-06
3.6977647114023533e-06
0.00017713114009487588
0.0006620320119754877
0.0003901890701100579
4.242602928171953e-05
0.0001191986456245086
4.246802837603053e-05
6.838748804923904e-05
3.6977647114023533e-06
0.10584497342359067
0.0016328912203967148
3.6977647114023533e-06
0.18086246645287452
0.0037673743460119955
0.0008882292105405245
4.3065631472934884e-05
6.655618909003981e-06
0.0003714855684650266
2.259332804335632e-05
3.6977647114023533e-06
0.0007605532545776189
3.6977647114023533e-06
3.6977647114023533e-06
6.446099119862044e-06
3.6977647114023533e-06
6.204023526609028e-06
3.6977647114023533e-06
3.1152620071877995e-05
3.6977647114023533e-06
5.901582179125451e-06
3.6977647114023533e-06
3.6977647114023533e-06
1.8588686952977357e-05
3.6977647114023533e-06
3.6977647114023533e-06
2.6106006945178055e-05
8.975622934636018e-05
0.0013565332419626988
1.0120359174751257e-05
1.3581237501346829e-05
3.6977647114023533e-06
3.992209181697551e-06
0.0006854826992258953
0.001808124811321097
0.00024062226169487515
0.00041767251727808116
0.0001968438582335181
3.6977647114023533e-06
7.846687718201179e-06
3.203684170580282e-05
1.1412372359012776e-05
1.044117748687287e-05
5.4296778221107344e-05
3.854098784991342e-05
0.0013620110253898085
2.7637111578017665e-05
8.51844492546063e-06
6.493430005485358e-06
1.5501988244902686e-05
4.8820985392072454e-05
3.6977647114023533e-06
0.053526738478273155
0.00035866697785924377
3.6977647114023533e-06
3.297824462242456e-05
1.9811795577230967e-05
7.126440224070217e-05
3.564252074342846e-05
0.00011260394593957274
4.57031415922675e-06
6.599040331924093e-05
2.203524053553834e-05
8.14293779500699e-05
7.134395023026754e-05
2.116717150235401e-05
2.153028424373305e-05
3.6977647114023533e-06
0.0006147869819132956
3.6977647114023533e-06
0.0010883930108220858
3.6977647114023533e-06
7.358718234267506e-05
0.0001721479966017194
7.260775180800748e-05
2.0148397584131813e-05
2.3209960291260594e-05
0.005916369118694252
0.003089915806373325
5.887552313614715e-06
0.004524237039781312
3.928419958799086e-05
0.0002612857875644079
0.00028041271557271784
0.00028421659587280797
1.0233222736316589e-05
8.756235260452909e-06
1.6900402977705198e-05
0.00016470779144790913
0.0010408895350025253
0.0003091587555849639
3.6977647114023533e-06
0.028763874595371566
7.875129727422044e-06
3.6977647114023533e-06
0.0003053536422558622
0.0004015185921499306
3.3809298134064305e-05
7.321385065188371e-05
0.0002189942162741671
0.0001085491962590807
0.0008523537392173824
6.889428983371324e-05
3.5154679808259117e-06
3.622877751103565e-05
4.811102544414539e-05
6.13325691803371e-06
6.8864591024859565e-06
0.00038225471847507897
1.1359154037514365e-05
6.062136661535478e-05
0.0001404502875980475
1.08943028868305e-05
7.433504994914168e-05
9.373170254133637e-06
6.598951722196285e-06
0.003647533826527778
4.5730189154275824e-06
3.6977647114023533e-06
6.076873733578811e-06
5.672567572756591e-05
0.00030167362073773934
6.548503180782077e-05
4.1250666315659886e-06
3.217985464490679e-05
8.187478289743167e-06
0.00011521430562715853
5.0870153307945914e-05
0.0014583370252271503
1.5198232763795554e-05
7.190973897321792e-06
6.316934539398657e-05
9.323142892030136e-06
0.00016177756609914813
0.0005861915677918223
5.47198695696005e-06
0.0003754504992549299
0.0001456635473404852
3.682437380228795e-05
0.0002125342789346313
0.04815518893202241
0.00037925275426924294
2.9009732692102126e-06
1.4207902201072173e-05
4.2242439661748875e-05
1.4994975329117538e-05
1.783877774763421e-05
1.4175598072704317e-05
4.663280939494064e-05
9.280355248779732e-06
4.7996667963971406e-05
3.331470419604352e-06
0.0579220762870344
7.478483452737931e-05
0.004127772964136896
0.007858672695951106
0.0001972506956004735
0.008261022277308726
7.326627959778748e-06
8.14927765707663e-06
0.00011239609416598404
1.5818159687647725e-05
0.0002196943241687701
0.00012686980731898122
7.415295783316773e-06
0.0002118012127502867
2.286737890704779e-06
0.00020548098289196963
2.5858963861444718e-05
0.0013179312635337773
3.6977647114023533e-06
5.966148415956157e-05
1.3503158880392454e-05
2.702275518558618e-05
1.0025125842596727e-05
0.00010356008585912109
0.0004802234467141389
3.6977647114023533e-06
0.07407071768835292
0.001390634060721225
3.2401312670389895e-05
0.00010362744954954288
1.2772037404678983e-05
8.172287156570759e-05
5.7601284778775e-05
3.6977647114023533e-06
3.6977647114023533e-06
1.685584570367126e-05
0.00047819549689911295
3.799420944430285e-06
4.294393870605894e-05
4.7771169529767154e-06
0.0008299922271784087
3.929669259161911e-06
3.171945599266652e-05
1.2299349874265306e-05
0.0020057531740368816
1.6066481413303175e-05
3.6977647114023533e-06
0.00041532797124818746
7.248884907979571e-06
6.2822456755001394e-06
0.002515064093352688
2.7610873597611062e-06
6.342082026743058e-05
3.6977647114023533e-06
4.973458975724554e-06
6.252363719152116e-06
3.042705770929696e-05
5.255109822416439e-06
1.1032070735148552e-05
1.891669241644741e-05
4.959694692332597e-06
0.004336796985601502
3.6977647114023533e-06
0.00010865383772613742
2.6699135678043412e-05
0.0003333342865395767
4.9968150376962144e-05
1.6702240288582794e-05
0.00011713481564202265
3.6977647114023533e-06
0.0002398863808697224
3.6977647114023533e-06
0.17011758911568
0.0009561521828296663
0.0007221007354351658
5.210703952926757e-05
0.0008653977278709862
1.637930306661518e-05
9.72840262288472e-06
0.0011074387968147774
9.785980477466957e-05
1.8411618412660612e-05
0.00010340634511950668
4.520632484666376e-05
6.672716874155925e-05
0.001568201412870401
3.6977647114023533e-06
0.0011090190106053063
2.680207886950391e-05
7.673881506473286e-06
7.999298590110272e-05
0.00027920249323875105
2.1545463638037005e-05
5.508438757517364e-06
0.0001880174033940255
0.002583245131262319
9.439147467274376e-06
3.6977647114023533e-06
0.0001694874118897429
9.24936390077906e-06
1.3558961681866795e-05
4.7396379938782995e-05
7.000300934152469e-05
2.331165979301895e-05
4.051441438617123e-05
5.0172709251746486e-06
0.0014845148097490876
1.2706442376801953e-05
3.6977647114023533e-06
3.349703982645206e-05
0.0005586812794599338
2.5923082234008464e-05
3.583206182361921e-05
0.006732888318059981
1.3568714515024283e-05
0.0003799478146310197
3.6977647114023533e-06
3.6977647114023533e-06
1.1424833238499297e-05
1.0037345593422036e-05
0.00017238042990741343
0.0002178017555321692
0.004945491983132161
5.662836195387555e-05
0.00012024467583677394
0.0006977975692997197
0.000500448416926356
0.006983489827246931
2.9768512454416633e-05
0.00023368234888251113
3.636794200643203e-05
3.867687503235717e-05
1.341858981760761e-05
7.5287984217101904e-06
9.025972701436192e-05
1.9370010724969364e-05
4.728548607761078e-05
0.0003652757011604096
5.013999473029058e-06
5.552871714338136e-06
3.0571790508651855e-06
2.75891162916764e-06
1.5185243397038296e-05
5.8463023016805715e-06
6.587075366445695e-06
1.117891471031244e-05
0.001449610080243736
3.6949067318510285e-05
1.255280178921676e-05
1.4157130108268855e-05
7.6026484532427e-05
2.121358201003608e-05
6.737075622193143e-06
9.508375418567135e-06
2.148418302095858e-05
0.0017245436812493094
5.640214952048805e-06
0.00010066258121317751
0.00041313306344356447
4.001924510371665e-05
2.6654808740214448e-06
6.519732732208238e-05
0.0016150365713080094
3.815968609717936e-06
7.204829835224534e-06
0.00021908573160390565
0.0006250522772720663
0.09639627200269493
0.00875198676789979
0.001385231789493564
3.144102314983467e-06
0.00020591526934578475
0.00010029158245114206
0.0011872832242099832
0.0004749628381018378
3.4278850785155717e-06
1.1686177212728937e-05
0.0005243290889397344
0.0002360264931446365
0.0001463993530643108
0.0003564041213872551
2.885878825049002e-05
2.9576230010828136e-05
6.9672096135528025e-06
0.0002934808968257134
2.6368232560973774e-06
3.738219245053508e-06
5.111734755429135e-06
2.8851374923663983e-05
5.912887653368192e-05
0.0003316958933026595
7.892512368048355e-05
4.068636911917586e-05
4.995051483612166e-06
1.15905031151912e-05
3.391470645528672e-05
3.420154394237272e-05
0.010727141931698195
0.002596366836320423
4.7199213782297386e-05
0.0004435825953381977
8.851288437169309e-05
0.003548365082090858
4.351796215143545e-05
2.1619784571450204e-05
0.0001316074868419077
4.7688341850682996e-05
1.2407996073595304e-05
2.6467427580682414e-05
3.1372010481092106e-05
0.008438200606831394
0.0006834372405779327
3.7067332827647414e-06
0.0011095276293089694
2.6239088746560225e-05
4.270262802684005e-05
2.4757256379447725e-05
5.387529838361318e-05
8.661553679547146e-06
3.2082132839441665e-05
9.988473931425952e-06
3.009121474415726e-06
3.514206646573791e-06
3.867143751662331e-06
3.0202124188413733e-05
3.5620855012932093e-06
7.706989729319255e-06
4.4593865445027855e-06
0.2612097591772413
2.1768803932587922e-05
0.017434568293788758
1.1817960971351675e-05
2.9969052902433297e-06
0.015933892712657223
3.1388355609750422e-06
1.006917588166667e-05
1.3776689559574911e-05
0.0002275844260236689
4.230158986449464e-06
0.0008759784921587074
0.001995231473547647
0.01315693897803047
2.9672822834598604e-05
0.0002454578946137446
0.0004746989335985304
4.0478542892082785e-05
0.0012308918217364233
1.0356296881218286e-05
2.1787856386585727e-05
5.714324513797022e-06
7.24556749965637e-05
0.002374256146303344
7.756582658349964e-05
0.0006312608840450925
5.73301378019137e-05
0.001125284921737267
5.877534698398976e-06
0.00023432766556843806
1.305619123253599e-05
2.285155074305164e-05
0.007323431504112494
5.47286488037821e-06
6.901196307816022e-06
2.2666848145069513e-05
3.651239756560325e-05
7.956491290784687e-06
6.195166839697204e-06
7.078673003909832e-05
5.161366798285817e-06
8.385030409055174e-06
3.732058328561239e-06
2.9195759187378606e-05
2.1542304281617035e-05
6.516022946012678e-05
2.59691984096631e-05
0.0004899069709758711
0.0026043358730262665
1.5271145894762075e-05
5.549135030609734e-05
7.753080657255455e-06
3.3524803883191445e-05
1.5263260352351216e-05
0.0006139677294115827
1.4340176638727792e-05
1.1883200983102871e-05
1.1029637955421107e-05
0.00021090103949859902
7.094467076298979e-05
1.3711715160515802e-05
0.02990615429846556
9.283917619150324e-06
3.6977647114023533e-06
1.6461936218440254e-05
1.1818140500733924e-05
1.855018962103658e-05
0.0004695112515661357
0.00024309900288261443
2.44908474878895e-06
4.2005796344304066e-05
1.3426261497692005e-05
0.0005911298528186937
7.728750635406811e-05
0.00029392615798029656
0.000769047788551162
4.311571154953128e-05
3.272576421105757e-05
0.001152322974791078
1.100648869329379e-05
0.0002083022393925874
4.3225775476383764e-06
8.632328453551535e-05
1.4204772980536754e-05
7.47336148783478e-05
1.2742307375099177e-05
6.60538878639556e-06
6.632628412064982e-06
4.801337689977659e-06
3.508987398735644e-05
7.075048225613227e-05
1.681996786416368e-05
2.3288923466675915e-05
1.91911989403653e-05
5.753881055229979e-06
0.005705897618660109
2.6446973125083657e-06
2.5856458357416513e-05
0.00018863531014022043
0.0002348839758370709
0.00018960785404963624
9.237027838252347e-05
3.449267429093077e-05
7.774408862162133e-06
0.00041709445124003797
6.556408160247648e-05
0.0001302242920375694
1.6674408482808e-05
1.4253825186014633e-05
5.624148784544858e-05
0.00010183314549739741
5.40553641344413e-05
6.203224985538629e-06
3.8081151170553956e-05
0.0001867656898736257
1.4411678292409803e-05
1.3177825305352267e-05
1.585383777957441e-05
0.0007630077106066539
4.1178607138524126e-05
5.911137345235739e-06
8.505028364165667e-06
0.00012030230527053926
0.004050644709340271
0.0007219872788682315
2.0660874975746735e-05
1.2442469758316668e-05
1.5013072219523913e-05
0.00016690274267628947
5.0213072585030693e-05
0.8857299046611029
0.003291110480774945
4.1951080834832756e-05
0.00018080862877860066
2.2388180166980262e-05
0.00023569172844478984
1.5979841340287803e-05
0.000136045155310241
0.00010098778247594043
0.000438304621764118
0.005750931702153216
6.868369351030099e-05
1.8416444393778383e-05
7.357043786395798e-06
3.74631897935616e-06
6.436567078482021e-06
0.0008218784378503643
6.656551694054057e-06
2.2308618684653124e-05
4.7591495399490404e-05
0.00012737588332053596
0.02013299259078587
0.00011553433381456956
0.0004819692901864815
2.5350792621996686e-05
0.0004853567313549678
1.6606127991200832e-05
0.00029271896177665455
2.5659454413091973e-05
1.6702760038256036e-05
0.0002890024614131367
0.0032788325924850603
2.2619890566704655e-05
2.8604898539599844e-05
7.186611004136821e-05
1.6599059779711636e-05
4.4848468267921226e-05
0.0012367209379789924
0.0007488888773487968
0.0002513484185261607
0.0007073664118333164
6.151222477712893e-05
9.450162277755277e-06
0.003199290627103832
6.832058511109664e-06
0.00010951673871972944
1.8781668858321213e-06
0.00031550321195343014
0.0004549699537413519
2.3929067140459768e-05
0.0024942794513005844
8.579646900512891e-05
0.000129833868232045
0.0001785104980337543
1.397698175505455e-05
0.004451877087791283
0.04416119768910268
5.999921932852108e-06
6.836092198594244e-05
1.005728039419374e-05
1.6071277604032053e-05
5.04591283261336e-05
3.1693387644994003e-06
3.6277144062476453e-06
4.264292288815627e-05
5.443260654870069e-06
0.04341210263656892
6.985705468948564e-05
4.0870033860126034e-05
1.1568733283478712e-05
6.756781205088984e-06
6.3875710752755075e-06
4.235758246343017e-05
0.000515932729952084
2.678093256852496e-06
0.00018747110469119742
5.227866678013729e-06
7.646053361813248e-05
4.043585003102275e-05
9.705109396462459e-06
0.0008255293796273745
9.302394021508295e-06
3.4720224393899695e-06
1.0876806311309237e-05
0.0005047638318894191
6.452507429285546e-06
3.0909731832974813e-06
1.8852766232124165e-05
1.5253860592614498e-05
7.084179843901325e-06
2.2859652059697638e-05
1.3900065406441879e-05
0.00016824896399065062
0.003168149675846627
6.991051284290646e-05
0.00016153497166125397
0.009346589815939041
0.011125473626487185
6.665046702106564e-05
1.848569581604998e-05
0.001167934538199984
0.0011686561361493777
0.014054931394057214
0.0007549302266626263
7.185910004243117e-05
0.029440342638665705
5.7203722065710295e-06
1.0728208747304647e-05
3.09363650095417e-05
0.0004892082523865542
8.321315779374743e-06
6.005588685981166e-06
7.300159009557672e-06
1.6519131335773253e-05
2.698741273407597e-05
6.495552771206421e-05
5.073589377671459e-05
2.8824028867336795e-05
4.381407093727604e-06
5.909260926317625e-06
0.0004906190112367824
1.4434615055999827e-05
1.1039675194212903e-05
1.6489456298030702e-05
1.4809804005124237e-05
0.000802010553779709
0.00014921695820046039
0.009479629168072727
0.00013896773606140276
0.00706165919979923
0.00010847113497336002
0.0005739233676775724
0.00027653808490518466
0.0017619963264083934
0.000728222179840285
6.812490922227407e-06
0.00014372243406465753
0.0021682528053465896
0.0006816209954040181
0.00031932856125666144
0.00048342227513892267
1.7111674700633267e-05
2.0179347039263088e-05
1.5018616759637483e-05
7.2490822023185464e-06
1.9295120515805615e-05
0.0002503099607047508
2.4198395376498835e-05
0.0001618326760364278
4.936904166492265e-05
4.924432183965858e-06
0.0001150571046772148
5.547052307087176e-05
0.0004185781509256225
2.8978251253433572e-05
6.39911234767298e-05
0.0001659561068509474
9.624717256701652e-05
0.0002750105671157758
2.6669968396493154e-05
3.1891400781713335e-05
0.003121534086201023
3.1236117893354864e-06
0.0003211014107839841
2.2354375565979583e-06
2.795922750782326e-06
3.57129191385683e-06
0.0011790403754869904
8.373637284119411e-06
0.0001312932057835399
1.7797469633524638e-05
6.269096558977709e-06
0.00013548299307741292
5.9529837938697825e-05
0.00437741390032291
0.0009840709626901256
0.0004729457401152168
0.00017396387487242978
1.797702611046547e-05
3.358946128092161e-05
3.677089962027273e-06
0.00013781385491184374
4.025365845204619e-05
0.00014642006616599797
1.0426474786192622e-05
0.0002935787214453771
9.061023695169687e-06
2.4340293895249338e-05
1.663485996738215e-05
0.0008677040129722406
4.7345341165468924e-05
5.915384616491058e-06
6.239131230285726e-06
1.2369969238948042e-05
0.00012152820843026123
0.060077524284292236
7.953611329027527e-06
3.979216775671976e-05
5.099792389535062e-06
0.00010108372229524456
0.00028929512023941403
0.00014928925721935312
5.038702105515877e-06
4.469145331723636e-06
8.598105854349095e-06
6.215043199267936e-06
4.4721168808399e-06
7.336109772711876e-06
1.265952438085564e-05
3.0429142122660276e-05
1.362911086951216e-05
1.2305799428194324e-05
0.00017451869628581587
0.00015493215715067394
0.0004809467739904329
1.614296262995782e-05
7.489222681116226e-05
3.693231999640602e-05
6.274709332668099e-06
5.234905645758693e-06
6.2410950462634335e-06
0.0010222603877576312
0.00018023779466423505
0.00014010483971676807
8.582248722920921e-05
0.00038445172331174856
8.369816254816626e-06
0.0001153114742020438
1.1717507790218956e-05
1.5561921310684958e-05
9.223768012810459e-06
0.0003036396725549991
4.953942561542441e-06
4.127594958191186e-05
0.0009502200084066701
3.963013803788861e-05
1.7517526208620472e-05
4.227716241547206e-06
2.3411577720695976e-06
1.1486893802758131e-05
4.661827713379901e-06
7.3679883251917745e-06
1.6207328752933102e-05
6.734653718771441e-05
2.0569865261281396e-05
0.00011161071458591851
1.4682424291058704e-05
7.0585654834327295e-06
